1296
648
4644
11
8
0 11
1 11
2 11
3 11
4 11
5 11
6 11
7 11
8 11
9 11
10 11
11 11
12 11
13 11
14 11
15 11
16 11
17 11
18 11
19 11
20 11
21 11
22 11
23 11
24 11
25 11
26 11
27 11
28 11
29 11
30 11
31 11
32 11
33 11
34 11
35 11
36 11
37 11
38 11
39 11
40 11
41 11
42 11
43 11
44 11
45 11
46 11
47 11
48 11
49 11
50 11
51 11
52 11
53 11
54 4
55 4
56 4
57 4
58 4
59 4
60 4
61 4
62 4
63 4
64 4
65 4
66 4
67 4
68 4
69 4
70 4
71 4
72 4
73 4
74 4
75 4
76 4
77 4
78 4
79 4
80 4
81 4
82 4
83 4
84 4
85 4
86 4
87 4
88 4
89 4
90 4
91 4
92 4
93 4
94 4
95 4
96 4
97 4
98 4
99 4
100 4
101 4
102 4
103 4
104 4
105 4
106 4
107 4
108 3
109 3
110 3
111 3
112 3
113 3
114 3
115 3
116 3
117 3
118 3
119 3
120 3
121 3
122 3
123 3
124 3
125 3
126 3
127 3
128 3
129 3
130 3
131 3
132 3
133 3
134 3
135 3
136 3
137 3
138 3
139 3
140 3
141 3
142 3
143 3
144 3
145 3
146 3
147 3
148 3
149 3
150 3
151 3
152 3
153 3
154 3
155 3
156 3
157 3
158 3
159 3
160 3
161 3
162 3
163 3
164 3
165 3
166 3
167 3
168 3
169 3
170 3
171 3
172 3
173 3
174 3
175 3
176 3
177 3
178 3
179 3
180 3
181 3
182 3
183 3
184 3
185 3
186 3
187 3
188 3
189 3
190 3
191 3
192 3
193 3
194 3
195 3
196 3
197 3
198 3
199 3
200 3
201 3
202 3
203 3
204 3
205 3
206 3
207 3
208 3
209 3
210 3
211 3
212 3
213 3
214 3
215 3
216 11
217 11
218 11
219 11
220 11
221 11
222 11
223 11
224 11
225 11
226 11
227 11
228 11
229 11
230 11
231 11
232 11
233 11
234 11
235 11
236 11
237 11
238 11
239 11
240 11
241 11
242 11
243 11
244 11
245 11
246 11
247 11
248 11
249 11
250 11
251 11
252 11
253 11
254 11
255 11
256 11
257 11
258 11
259 11
260 11
261 11
262 11
263 11
264 11
265 11
266 11
267 11
268 11
269 11
270 3
271 3
272 3
273 3
274 3
275 3
276 3
277 3
278 3
279 3
280 3
281 3
282 3
283 3
284 3
285 3
286 3
287 3
288 3
289 3
290 3
291 3
292 3
293 3
294 3
295 3
296 3
297 3
298 3
299 3
300 3
301 3
302 3
303 3
304 3
305 3
306 3
307 3
308 3
309 3
310 3
311 3
312 3
313 3
314 3
315 3
316 3
317 3
318 3
319 3
320 3
321 3
322 3
323 3
324 3
325 3
326 3
327 3
328 3
329 3
330 3
331 3
332 3
333 3
334 3
335 3
336 3
337 3
338 3
339 3
340 3
341 3
342 3
343 3
344 3
345 3
346 3
347 3
348 3
349 3
350 3
351 3
352 3
353 3
354 3
355 3
356 3
357 3
358 3
359 3
360 3
361 3
362 3
363 3
364 3
365 3
366 3
367 3
368 3
369 3
370 3
371 3
372 3
373 3
374 3
375 3
376 3
377 3
378 3
379 3
380 3
381 3
382 3
383 3
384 3
385 3
386 3
387 3
388 3
389 3
390 3
391 3
392 3
393 3
394 3
395 3
396 3
397 3
398 3
399 3
400 3
401 3
402 3
403 3
404 3
405 3
406 3
407 3
408 3
409 3
410 3
411 3
412 3
413 3
414 3
415 3
416 3
417 3
418 3
419 3
420 3
421 3
422 3
423 3
424 3
425 3
426 3
427 3
428 3
429 3
430 3
431 3
432 11
433 11
434 11
435 11
436 11
437 11
438 11
439 11
440 11
441 11
442 11
443 11
444 11
445 11
446 11
447 11
448 11
449 11
450 11
451 11
452 11
453 11
454 11
455 11
456 11
457 11
458 11
459 11
460 11
461 11
462 11
463 11
464 11
465 11
466 11
467 11
468 11
469 11
470 11
471 11
472 11
473 11
474 11
475 11
476 11
477 11
478 11
479 11
480 11
481 11
482 11
483 11
484 11
485 11
486 3
487 3
488 3
489 3
490 3
491 3
492 3
493 3
494 3
495 3
496 3
497 3
498 3
499 3
500 3
501 3
502 3
503 3
504 3
505 3
506 3
507 3
508 3
509 3
510 3
511 3
512 3
513 3
514 3
515 3
516 3
517 3
518 3
519 3
520 3
521 3
522 3
523 3
524 3
525 3
526 3
527 3
528 3
529 3
530 3
531 3
532 3
533 3
534 3
535 3
536 3
537 3
538 3
539 3
540 3
541 3
542 3
543 3
544 3
545 3
546 3
547 3
548 3
549 3
550 3
551 3
552 3
553 3
554 3
555 3
556 3
557 3
558 3
559 3
560 3
561 3
562 3
563 3
564 3
565 3
566 3
567 3
568 3
569 3
570 3
571 3
572 3
573 3
574 3
575 3
576 3
577 3
578 3
579 3
580 3
581 3
582 3
583 3
584 3
585 3
586 3
587 3
588 3
589 3
590 3
591 3
592 3
593 3
594 3
595 3
596 3
597 3
598 3
599 3
600 3
601 3
602 3
603 3
604 3
605 3
606 3
607 3
608 3
609 3
610 3
611 3
612 3
613 3
614 3
615 3
616 3
617 3
618 3
619 3
620 3
621 3
622 3
623 3
624 3
625 3
626 3
627 3
628 3
629 3
630 3
631 3
632 3
633 3
634 3
635 3
636 3
637 3
638 3
639 3
640 3
641 3
642 3
643 3
644 3
645 3
646 3
647 3
648 3
649 3
650 3
651 3
652 3
653 3
654 3
655 3
656 3
657 3
658 3
659 3
660 3
661 3
662 3
663 3
664 3
665 3
666 3
667 3
668 3
669 3
670 3
671 3
672 3
673 3
674 3
675 3
676 3
677 3
678 3
679 3
680 3
681 3
682 3
683 3
684 3
685 3
686 3
687 3
688 3
689 3
690 3
691 3
692 3
693 3
694 3
695 3
696 3
697 3
698 3
699 3
700 3
701 3
702 2
703 2
704 2
705 2
706 2
707 2
708 2
709 2
710 2
711 2
712 2
713 2
714 2
715 2
716 2
717 2
718 2
719 2
720 2
721 2
722 2
723 2
724 2
725 2
726 2
727 2
728 2
729 2
730 2
731 2
732 2
733 2
734 2
735 2
736 2
737 2
738 2
739 2
740 2
741 2
742 2
743 2
744 2
745 2
746 2
747 2
748 2
749 2
750 2
751 2
752 2
753 2
754 2
755 2
756 2
757 2
758 2
759 2
760 2
761 2
762 2
763 2
764 2
765 2
766 2
767 2
768 2
769 2
770 2
771 2
772 2
773 2
774 2
775 2
776 2
777 2
778 2
779 2
780 2
781 2
782 2
783 2
784 2
785 2
786 2
787 2
788 2
789 2
790 2
791 2
792 2
793 2
794 2
795 2
796 2
797 2
798 2
799 2
800 2
801 2
802 2
803 2
804 2
805 2
806 2
807 2
808 2
809 2
810 2
811 2
812 2
813 2
814 2
815 2
816 2
817 2
818 2
819 2
820 2
821 2
822 2
823 2
824 2
825 2
826 2
827 2
828 2
829 2
830 2
831 2
832 2
833 2
834 2
835 2
836 2
837 2
838 2
839 2
840 2
841 2
842 2
843 2
844 2
845 2
846 2
847 2
848 2
849 2
850 2
851 2
852 2
853 2
854 2
855 2
856 2
857 2
858 2
859 2
860 2
861 2
862 2
863 2
864 2
865 2
866 2
867 2
868 2
869 2
870 2
871 2
872 2
873 2
874 2
875 2
876 2
877 2
878 2
879 2
880 2
881 2
882 2
883 2
884 2
885 2
886 2
887 2
888 2
889 2
890 2
891 2
892 2
893 2
894 2
895 2
896 2
897 2
898 2
899 2
900 2
901 2
902 2
903 2
904 2
905 2
906 2
907 2
908 2
909 2
910 2
911 2
912 2
913 2
914 2
915 2
916 2
917 2
918 2
919 2
920 2
921 2
922 2
923 2
924 2
925 2
926 2
927 2
928 2
929 2
930 2
931 2
932 2
933 2
934 2
935 2
936 2
937 2
938 2
939 2
940 2
941 2
942 2
943 2
944 2
945 2
946 2
947 2
948 2
949 2
950 2
951 2
952 2
953 2
954 2
955 2
956 2
957 2
958 2
959 2
960 2
961 2
962 2
963 2
964 2
965 2
966 2
967 2
968 2
969 2
970 2
971 2
972 2
973 2
974 2
975 2
976 2
977 2
978 2
979 2
980 2
981 2
982 2
983 2
984 2
985 2
986 2
987 2
988 2
989 2
990 2
991 2
992 2
993 2
994 2
995 2
996 2
997 2
998 2
999 2
1000 2
1001 2
1002 2
1003 2
1004 2
1005 2
1006 2
1007 2
1008 2
1009 2
1010 2
1011 2
1012 2
1013 2
1014 2
1015 2
1016 2
1017 2
1018 2
1019 2
1020 2
1021 2
1022 2
1023 2
1024 2
1025 2
1026 2
1027 2
1028 2
1029 2
1030 2
1031 2
1032 2
1033 2
1034 2
1035 2
1036 2
1037 2
1038 2
1039 2
1040 2
1041 2
1042 2
1043 2
1044 2
1045 2
1046 2
1047 2
1048 2
1049 2
1050 2
1051 2
1052 2
1053 2
1054 2
1055 2
1056 2
1057 2
1058 2
1059 2
1060 2
1061 2
1062 2
1063 2
1064 2
1065 2
1066 2
1067 2
1068 2
1069 2
1070 2
1071 2
1072 2
1073 2
1074 2
1075 2
1076 2
1077 2
1078 2
1079 2
1080 2
1081 2
1082 2
1083 2
1084 2
1085 2
1086 2
1087 2
1088 2
1089 2
1090 2
1091 2
1092 2
1093 2
1094 2
1095 2
1096 2
1097 2
1098 2
1099 2
1100 2
1101 2
1102 2
1103 2
1104 2
1105 2
1106 2
1107 2
1108 2
1109 2
1110 2
1111 2
1112 2
1113 2
1114 2
1115 2
1116 2
1117 2
1118 2
1119 2
1120 2
1121 2
1122 2
1123 2
1124 2
1125 2
1126 2
1127 2
1128 2
1129 2
1130 2
1131 2
1132 2
1133 2
1134 2
1135 2
1136 2
1137 2
1138 2
1139 2
1140 2
1141 2
1142 2
1143 2
1144 2
1145 2
1146 2
1147 2
1148 2
1149 2
1150 2
1151 2
1152 2
1153 2
1154 2
1155 2
1156 2
1157 2
1158 2
1159 2
1160 2
1161 2
1162 2
1163 2
1164 2
1165 2
1166 2
1167 2
1168 2
1169 2
1170 2
1171 2
1172 2
1173 2
1174 2
1175 2
1176 2
1177 2
1178 2
1179 2
1180 2
1181 2
1182 2
1183 2
1184 2
1185 2
1186 2
1187 2
1188 2
1189 2
1190 2
1191 2
1192 2
1193 2
1194 2
1195 2
1196 2
1197 2
1198 2
1199 2
1200 2
1201 2
1202 2
1203 2
1204 2
1205 2
1206 2
1207 2
1208 2
1209 2
1210 2
1211 2
1212 2
1213 2
1214 2
1215 2
1216 2
1217 2
1218 2
1219 2
1220 2
1221 2
1222 2
1223 2
1224 2
1225 2
1226 2
1227 2
1228 2
1229 2
1230 2
1231 2
1232 2
1233 2
1234 2
1235 2
1236 2
1237 2
1238 2
1239 2
1240 2
1241 2
1242 2
1243 2
1244 2
1245 2
1246 2
1247 2
1248 2
1249 2
1250 2
1251 2
1252 2
1253 2
1254 2
1255 2
1256 2
1257 2
1258 2
1259 2
1260 2
1261 2
1262 2
1263 2
1264 2
1265 2
1266 2
1267 2
1268 2
1269 2
1270 2
1271 2
1272 2
1273 2
1274 2
1275 2
1276 2
1277 2
1278 2
1279 2
1280 2
1281 2
1282 2
1283 2
1284 2
1285 2
1286 2
1287 2
1288 2
1289 2
1290 2
1291 2
1292 2
1293 2
1294 2
1295 2
0 7
1 7
2 7
3 7
4 7
5 7
6 7
7 7
8 7
9 7
10 7
11 7
12 7
13 7
14 7
15 7
16 7
17 7
18 7
19 7
20 7
21 7
22 7
23 7
24 7
25 7
26 7
27 7
28 7
29 7
30 7
31 7
32 7
33 7
34 7
35 7
36 7
37 7
38 7
39 7
40 7
41 7
42 7
43 7
44 7
45 7
46 7
47 7
48 7
49 7
50 7
51 7
52 7
53 7
54 8
55 8
56 8
57 8
58 8
59 8
60 8
61 8
62 8
63 8
64 8
65 8
66 8
67 8
68 8
69 8
70 8
71 8
72 8
73 8
74 8
75 8
76 8
77 8
78 8
79 8
80 8
81 8
82 8
83 8
84 8
85 8
86 8
87 8
88 8
89 8
90 8
91 8
92 8
93 8
94 8
95 8
96 8
97 8
98 8
99 8
100 8
101 8
102 8
103 8
104 8
105 8
106 8
107 8
108 7
109 7
110 7
111 7
112 7
113 7
114 7
115 7
116 7
117 7
118 7
119 7
120 7
121 7
122 7
123 7
124 7
125 7
126 7
127 7
128 7
129 7
130 7
131 7
132 7
133 7
134 7
135 7
136 7
137 7
138 7
139 7
140 7
141 7
142 7
143 7
144 7
145 7
146 7
147 7
148 7
149 7
150 7
151 7
152 7
153 7
154 7
155 7
156 7
157 7
158 7
159 7
160 7
161 7
162 7
163 7
164 7
165 7
166 7
167 7
168 7
169 7
170 7
171 7
172 7
173 7
174 7
175 7
176 7
177 7
178 7
179 7
180 7
181 7
182 7
183 7
184 7
185 7
186 7
187 7
188 7
189 7
190 7
191 7
192 7
193 7
194 7
195 7
196 7
197 7
198 7
199 7
200 7
201 7
202 7
203 7
204 7
205 7
206 7
207 7
208 7
209 7
210 7
211 7
212 7
213 7
214 7
215 7
216 7
217 7
218 7
219 7
220 7
221 7
222 7
223 7
224 7
225 7
226 7
227 7
228 7
229 7
230 7
231 7
232 7
233 7
234 7
235 7
236 7
237 7
238 7
239 7
240 7
241 7
242 7
243 7
244 7
245 7
246 7
247 7
248 7
249 7
250 7
251 7
252 7
253 7
254 7
255 7
256 7
257 7
258 7
259 7
260 7
261 7
262 7
263 7
264 7
265 7
266 7
267 7
268 7
269 7
270 7
271 7
272 7
273 7
274 7
275 7
276 7
277 7
278 7
279 7
280 7
281 7
282 7
283 7
284 7
285 7
286 7
287 7
288 7
289 7
290 7
291 7
292 7
293 7
294 7
295 7
296 7
297 7
298 7
299 7
300 7
301 7
302 7
303 7
304 7
305 7
306 7
307 7
308 7
309 7
310 7
311 7
312 7
313 7
314 7
315 7
316 7
317 7
318 7
319 7
320 7
321 7
322 7
323 7
324 7
325 7
326 7
327 7
328 7
329 7
330 7
331 7
332 7
333 7
334 7
335 7
336 7
337 7
338 7
339 7
340 7
341 7
342 7
343 7
344 7
345 7
346 7
347 7
348 7
349 7
350 7
351 7
352 7
353 7
354 7
355 7
356 7
357 7
358 7
359 7
360 7
361 7
362 7
363 7
364 7
365 7
366 7
367 7
368 7
369 7
370 7
371 7
372 7
373 7
374 7
375 7
376 7
377 7
378 8
379 8
380 8
381 8
382 8
383 8
384 8
385 8
386 8
387 8
388 8
389 8
390 8
391 8
392 8
393 8
394 8
395 8
396 8
397 8
398 8
399 8
400 8
401 8
402 8
403 8
404 8
405 8
406 8
407 8
408 8
409 8
410 8
411 8
412 8
413 8
414 8
415 8
416 8
417 8
418 8
419 8
420 8
421 8
422 8
423 8
424 8
425 8
426 8
427 8
428 8
429 8
430 8
431 8
432 7
433 7
434 7
435 7
436 7
437 7
438 7
439 7
440 7
441 7
442 7
443 7
444 7
445 7
446 7
447 7
448 7
449 7
450 7
451 7
452 7
453 7
454 7
455 7
456 7
457 7
458 7
459 7
460 7
461 7
462 7
463 7
464 7
465 7
466 7
467 7
468 7
469 7
470 7
471 7
472 7
473 7
474 7
475 7
476 7
477 7
478 7
479 7
480 7
481 7
482 7
483 7
484 7
485 7
486 7
487 7
488 7
489 7
490 7
491 7
492 7
493 7
494 7
495 7
496 7
497 7
498 7
499 7
500 7
501 7
502 7
503 7
504 7
505 7
506 7
507 7
508 7
509 7
510 7
511 7
512 7
513 7
514 7
515 7
516 7
517 7
518 7
519 7
520 7
521 7
522 7
523 7
524 7
525 7
526 7
527 7
528 7
529 7
530 7
531 7
532 7
533 7
534 7
535 7
536 7
537 7
538 7
539 7
540 7
541 7
542 7
543 7
544 7
545 7
546 7
547 7
548 7
549 7
550 7
551 7
552 7
553 7
554 7
555 7
556 7
557 7
558 7
559 7
560 7
561 7
562 7
563 7
564 7
565 7
566 7
567 7
568 7
569 7
570 7
571 7
572 7
573 7
574 7
575 7
576 7
577 7
578 7
579 7
580 7
581 7
582 7
583 7
584 7
585 7
586 7
587 7
588 7
589 7
590 7
591 7
592 7
593 7
594 7
595 7
596 7
597 7
598 7
599 7
600 7
601 7
602 7
603 7
604 7
605 7
606 7
607 7
608 7
609 7
610 7
611 7
612 7
613 7
614 7
615 7
616 7
617 7
618 7
619 7
620 7
621 7
622 7
623 7
624 7
625 7
626 7
627 7
628 7
629 7
630 7
631 7
632 7
633 7
634 7
635 7
636 7
637 7
638 7
639 7
640 7
641 7
642 7
643 7
644 7
645 7
646 7
647 7
0 14
0 58
0 123
0 183
0 225
0 273
0 331
0 427
0 453
0 539
0 599
1 15
1 59
1 124
1 184
1 226
1 274
1 332
1 428
1 454
1 486
1 600
2 16
2 60
2 125
2 185
2 227
2 275
2 333
2 429
2 455
2 487
2 601
3 17
3 61
3 126
3 186
3 228
3 276
3 334
3 430
3 456
3 488
3 602
4 18
4 62
4 127
4 187
4 229
4 277
4 335
4 431
4 457
4 489
4 603
5 19
5 63
5 128
5 188
5 230
5 278
5 336
5 378
5 458
5 490
5 604
6 20
6 64
6 129
6 189
6 231
6 279
6 337
6 379
6 459
6 491
6 605
7 21
7 65
7 130
7 190
7 232
7 280
7 338
7 380
7 460
7 492
7 606
8 22
8 66
8 131
8 191
8 233
8 281
8 339
8 381
8 461
8 493
8 607
9 23
9 67
9 132
9 192
9 234
9 282
9 340
9 382
9 462
9 494
9 608
10 24
10 68
10 133
10 193
10 235
10 283
10 341
10 383
10 463
10 495
10 609
11 25
11 69
11 134
11 194
11 236
11 284
11 342
11 384
11 464
11 496
11 610
12 26
12 70
12 135
12 195
12 237
12 285
12 343
12 385
12 465
12 497
12 611
13 27
13 71
13 136
13 196
13 238
13 286
13 344
13 386
13 466
13 498
13 612
14 28
14 72
14 137
14 197
14 239
14 287
14 345
14 387
14 467
14 499
14 613
15 29
15 73
15 138
15 198
15 240
15 288
15 346
15 388
15 468
15 500
15 614
16 30
16 74
16 139
16 199
16 241
16 289
16 347
16 389
16 469
16 501
16 615
17 31
17 75
17 140
17 200
17 242
17 290
17 348
17 390
17 470
17 502
17 616
18 32
18 76
18 141
18 201
18 243
18 291
18 349
18 391
18 471
18 503
18 617
19 33
19 77
19 142
19 202
19 244
19 292
19 350
19 392
19 472
19 504
19 618
20 34
20 78
20 143
20 203
20 245
20 293
20 351
20 393
20 473
20 505
20 619
21 35
21 79
21 144
21 204
21 246
21 294
21 352
21 394
21 474
21 506
21 620
22 36
22 80
22 145
22 205
22 247
22 295
22 353
22 395
22 475
22 507
22 621
23 37
23 81
23 146
23 206
23 248
23 296
23 354
23 396
23 476
23 508
23 622
24 38
24 82
24 147
24 207
24 249
24 297
24 355
24 397
24 477
24 509
24 623
25 39
25 83
25 148
25 208
25 250
25 298
25 356
25 398
25 478
25 510
25 624
26 40
26 84
26 149
26 209
26 251
26 299
26 357
26 399
26 479
26 511
26 625
27 41
27 85
27 150
27 210
27 252
27 300
27 358
27 400
27 480
27 512
27 626
28 42
28 86
28 151
28 211
28 253
28 301
28 359
28 401
28 481
28 513
28 627
29 43
29 87
29 152
29 212
29 254
29 302
29 360
29 402
29 482
29 514
29 628
30 44
30 88
30 153
30 213
30 255
30 303
30 361
30 403
30 483
30 515
30 629
31 45
31 89
31 154
31 214
31 256
31 304
31 362
31 404
31 484
31 516
31 630
32 46
32 90
32 155
32 215
32 257
32 305
32 363
32 405
32 485
32 517
32 631
33 47
33 91
33 156
33 162
33 258
33 306
33 364
33 406
33 432
33 518
33 632
34 48
34 92
34 157
34 163
34 259
34 307
34 365
34 407
34 433
34 519
34 633
35 49
35 93
35 158
35 164
35 260
35 308
35 366
35 408
35 434
35 520
35 634
36 50
36 94
36 159
36 165
36 261
36 309
36 367
36 409
36 435
36 521
36 635
37 51
37 95
37 160
37 166
37 262
37 310
37 368
37 410
37 436
37 522
37 636
38 52
38 96
38 161
38 167
38 263
38 311
38 369
38 411
38 437
38 523
38 637
39 53
39 97
39 108
39 168
39 264
39 312
39 370
39 412
39 438
39 524
39 638
40 0
40 98
40 109
40 169
40 265
40 313
40 371
40 413
40 439
40 525
40 639
41 1
41 99
41 110
41 170
41 266
41 314
41 372
41 414
41 440
41 526
41 640
42 2
42 100
42 111
42 171
42 267
42 315
42 373
42 415
42 441
42 527
42 641
43 3
43 101
43 112
43 172
43 268
43 316
43 374
43 416
43 442
43 528
43 642
44 4
44 102
44 113
44 173
44 269
44 317
44 375
44 417
44 443
44 529
44 643
45 5
45 103
45 114
45 174
45 216
45 318
45 376
45 418
45 444
45 530
45 644
46 6
46 104
46 115
46 175
46 217
46 319
46 377
46 419
46 445
46 531
46 645
47 7
47 105
47 116
47 176
47 218
47 320
47 324
47 420
47 446
47 532
47 646
48 8
48 106
48 117
48 177
48 219
48 321
48 325
48 421
48 447
48 533
48 647
49 9
49 107
49 118
49 178
49 220
49 322
49 326
49 422
49 448
49 534
49 594
50 10
50 54
50 119
50 179
50 221
50 323
50 327
50 423
50 449
50 535
50 595
51 11
51 55
51 120
51 180
51 222
51 270
51 328
51 424
51 450
51 536
51 596
52 12
52 56
52 121
52 181
52 223
52 271
52 329
52 425
52 451
52 537
52 597
53 13
53 57
53 122
53 182
53 224
53 272
53 330
53 426
53 452
53 538
53 598
54 107
54 112
54 367
54 576
55 54
55 113
55 368
55 577
56 55
56 114
56 369
56 578
57 56
57 115
57 370
57 579
58 57
58 116
58 371
58 580
59 58
59 117
59 372
59 581
60 59
60 118
60 373
60 582
61 60
61 119
61 374
61 583
62 61
62 120
62 375
62 584
63 62
63 121
63 376
63 585
64 63
64 122
64 377
64 586
65 64
65 123
65 324
65 587
66 65
66 124
66 325
66 588
67 66
67 125
67 326
67 589
68 67
68 126
68 327
68 590
69 68
69 127
69 328
69 591
70 69
70 128
70 329
70 592
71 70
71 129
71 330
71 593
72 71
72 130
72 331
72 540
73 72
73 131
73 332
73 541
74 73
74 132
74 333
74 542
75 74
75 133
75 334
75 543
76 75
76 134
76 335
76 544
77 76
77 135
77 336
77 545
78 77
78 136
78 337
78 546
79 78
79 137
79 338
79 547
80 79
80 138
80 339
80 548
81 80
81 139
81 340
81 549
82 81
82 140
82 341
82 550
83 82
83 141
83 342
83 551
84 83
84 142
84 343
84 552
85 84
85 143
85 344
85 553
86 85
86 144
86 345
86 554
87 86
87 145
87 346
87 555
88 87
88 146
88 347
88 556
89 88
89 147
89 348
89 557
90 89
90 148
90 349
90 558
91 90
91 149
91 350
91 559
92 91
92 150
92 351
92 560
93 92
93 151
93 352
93 561
94 93
94 152
94 353
94 562
95 94
95 153
95 354
95 563
96 95
96 154
96 355
96 564
97 96
97 155
97 356
97 565
98 97
98 156
98 357
98 566
99 98
99 157
99 358
99 567
100 99
100 158
100 359
100 568
101 100
101 159
101 360
101 569
102 101
102 160
102 361
102 570
103 102
103 161
103 362
103 571
104 103
104 108
104 363
104 572
105 104
105 109
105 364
105 573
106 105
106 110
106 365
106 574
107 106
107 111
107 366
107 575
108 407
108 513
108 631
109 408
109 514
109 632
110 409
110 515
110 633
111 410
111 516
111 634
112 411
112 517
112 635
113 412
113 518
113 636
114 413
114 519
114 637
115 414
115 520
115 638
116 415
116 521
116 639
117 416
117 522
117 640
118 417
118 523
118 641
119 418
119 524
119 642
120 419
120 525
120 643
121 420
121 526
121 644
122 421
122 527
122 645
123 422
123 528
123 646
124 423
124 529
124 647
125 424
125 530
125 594
126 425
126 531
126 595
127 426
127 532
127 596
128 427
128 533
128 597
129 428
129 534
129 598
130 429
130 535
130 599
131 430
131 536
131 600
132 431
132 537
132 601
133 378
133 538
133 602
134 379
134 539
134 603
135 380
135 486
135 604
136 381
136 487
136 605
137 382
137 488
137 606
138 383
138 489
138 607
139 384
139 490
139 608
140 385
140 491
140 609
141 386
141 492
141 610
142 387
142 493
142 611
143 388
143 494
143 612
144 389
144 495
144 613
145 390
145 496
145 614
146 391
146 497
146 615
147 392
147 498
147 616
148 393
148 499
148 617
149 394
149 500
149 618
150 395
150 501
150 619
151 396
151 502
151 620
152 397
152 503
152 621
153 398
153 504
153 622
154 399
154 505
154 623
155 400
155 506
155 624
156 401
156 507
156 625
157 402
157 508
157 626
158 403
158 509
158 627
159 404
159 510
159 628
160 405
160 511
160 629
161 406
161 512
161 630
162 178
162 276
162 452
163 179
163 277
163 453
164 180
164 278
164 454
165 181
165 279
165 455
166 182
166 280
166 456
167 183
167 281
167 457
168 184
168 282
168 458
169 185
169 283
169 459
170 186
170 284
170 460
171 187
171 285
171 461
172 188
172 286
172 462
173 189
173 287
173 463
174 190
174 288
174 464
175 191
175 289
175 465
176 192
176 290
176 466
177 193
177 291
177 467
178 194
178 292
178 468
179 195
179 293
179 469
180 196
180 294
180 470
181 197
181 295
181 471
182 198
182 296
182 472
183 199
183 297
183 473
184 200
184 298
184 474
185 201
185 299
185 475
186 202
186 300
186 476
187 203
187 301
187 477
188 204
188 302
188 478
189 205
189 303
189 479
190 206
190 304
190 480
191 207
191 305
191 481
192 208
192 306
192 482
193 209
193 307
193 483
194 210
194 308
194 484
195 211
195 309
195 485
196 212
196 310
196 432
197 213
197 311
197 433
198 214
198 312
198 434
199 215
199 313
199 435
200 162
200 314
200 436
201 163
201 315
201 437
202 164
202 316
202 438
203 165
203 317
203 439
204 166
204 318
204 440
205 167
205 319
205 441
206 168
206 320
206 442
207 169
207 321
207 443
208 170
208 322
208 444
209 171
209 323
209 445
210 172
210 270
210 446
211 173
211 271
211 447
212 174
212 272
212 448
213 175
213 273
213 449
214 176
214 274
214 450
215 177
215 275
215 451
216 32
216 60
216 158
216 179
216 216
216 289
216 426
216 462
216 539
216 571
216 618
217 33
217 61
217 159
217 180
217 217
217 290
217 427
217 463
217 486
217 572
217 619
218 34
218 62
218 160
218 181
218 218
218 291
218 428
218 464
218 487
218 573
218 620
219 35
219 63
219 161
219 182
219 219
219 292
219 429
219 465
219 488
219 574
219 621
220 36
220 64
220 108
220 183
220 220
220 293
220 430
220 466
220 489
220 575
220 622
221 37
221 65
221 109
221 184
221 221
221 294
221 431
221 467
221 490
221 576
221 623
222 38
222 66
222 110
222 185
222 222
222 295
222 378
222 468
222 491
222 577
222 624
223 39
223 67
223 111
223 186
223 223
223 296
223 379
223 469
223 492
223 578
223 625
224 40
224 68
224 112
224 187
224 224
224 297
224 380
224 470
224 493
224 579
224 626
225 41
225 69
225 113
225 188
225 225
225 298
225 381
225 471
225 494
225 580
225 627
226 42
226 70
226 114
226 189
226 226
226 299
226 382
226 472
226 495
226 581
226 628
227 43
227 71
227 115
227 190
227 227
227 300
227 383
227 473
227 496
227 582
227 629
228 44
228 72
228 116
228 191
228 228
228 301
228 384
228 474
228 497
228 583
228 630
229 45
229 73
229 117
229 192
229 229
229 302
229 385
229 475
229 498
229 584
229 631
230 46
230 74
230 118
230 193
230 230
230 303
230 386
230 476
230 499
230 585
230 632
231 47
231 75
231 119
231 194
231 231
231 304
231 387
231 477
231 500
231 586
231 633
232 48
232 76
232 120
232 195
232 232
232 305
232 388
232 478
232 501
232 587
232 634
233 49
233 77
233 121
233 196
233 233
233 306
233 389
233 479
233 502
233 588
233 635
234 50
234 78
234 122
234 197
234 234
234 307
234 390
234 480
234 503
234 589
234 636
235 51
235 79
235 123
235 198
235 235
235 308
235 391
235 481
235 504
235 590
235 637
236 52
236 80
236 124
236 199
236 236
236 309
236 392
236 482
236 505
236 591
236 638
237 53
237 81
237 125
237 200
237 237
237 310
237 393
237 483
237 506
237 592
237 639
238 0
238 82
238 126
238 201
238 238
238 311
238 394
238 484
238 507
238 593
238 640
239 1
239 83
239 127
239 202
239 239
239 312
239 395
239 485
239 508
239 540
239 641
240 2
240 84
240 128
240 203
240 240
240 313
240 396
240 432
240 509
240 541
240 642
241 3
241 85
241 129
241 204
241 241
241 314
241 397
241 433
241 510
241 542
241 643
242 4
242 86
242 130
242 205
242 242
242 315
242 398
242 434
242 511
242 543
242 644
243 5
243 87
243 131
243 206
243 243
243 316
243 399
243 435
243 512
243 544
243 645
244 6
244 88
244 132
244 207
244 244
244 317
244 400
244 436
244 513
244 545
244 646
245 7
245 89
245 133
245 208
245 245
245 318
245 401
245 437
245 514
245 546
245 647
246 8
246 90
246 134
246 209
246 246
246 319
246 402
246 438
246 515
246 547
246 594
247 9
247 91
247 135
247 210
247 247
247 320
247 403
247 439
247 516
247 548
247 595
248 10
248 92
248 136
248 211
248 248
248 321
248 404
248 440
248 517
248 549
248 596
249 11
249 93
249 137
249 212
249 249
249 322
249 405
249 441
249 518
249 550
249 597
250 12
250 94
250 138
250 213
250 250
250 323
250 406
250 442
250 519
250 551
250 598
251 13
251 95
251 139
251 214
251 251
251 270
251 407
251 443
251 520
251 552
251 599
252 14
252 96
252 140
252 215
252 252
252 271
252 408
252 444
252 521
252 553
252 600
253 15
253 97
253 141
253 162
253 253
253 272
253 409
253 445
253 522
253 554
253 601
254 16
254 98
254 142
254 163
254 254
254 273
254 410
254 446
254 523
254 555
254 602
255 17
255 99
255 143
255 164
255 255
255 274
255 411
255 447
255 524
255 556
255 603
256 18
256 100
256 144
256 165
256 256
256 275
256 412
256 448
256 525
256 557
256 604
257 19
257 101
257 145
257 166
257 257
257 276
257 413
257 449
257 526
257 558
257 605
258 20
258 102
258 146
258 167
258 258
258 277
258 414
258 450
258 527
258 559
258 606
259 21
259 103
259 147
259 168
259 259
259 278
259 415
259 451
259 528
259 560
259 607
260 22
260 104
260 148
260 169
260 260
260 279
260 416
260 452
260 529
260 561
260 608
261 23
261 105
261 149
261 170
261 261
261 280
261 417
261 453
261 530
261 562
261 609
262 24
262 106
262 150
262 171
262 262
262 281
262 418
262 454
262 531
262 563
262 610
263 25
263 107
263 151
263 172
263 263
263 282
263 419
263 455
263 532
263 564
263 611
264 26
264 54
264 152
264 173
264 264
264 283
264 420
264 456
264 533
264 565
264 612
265 27
265 55
265 153
265 174
265 265
265 284
265 421
265 457
265 534
265 566
265 613
266 28
266 56
266 154
266 175
266 266
266 285
266 422
266 458
266 535
266 567
266 614
267 29
267 57
267 155
267 176
267 267
267 286
267 423
267 459
267 536
267 568
267 615
268 30
268 58
268 156
268 177
268 268
268 287
268 424
268 460
268 537
268 569
268 616
269 31
269 59
269 157
269 178
269 269
269 288
269 425
269 461
269 538
269 570
269 617
270 73
270 248
270 361
271 74
271 249
271 362
272 75
272 250
272 363
273 76
273 251
273 364
274 77
274 252
274 365
275 78
275 253
275 366
276 79
276 254
276 367
277 80
277 255
277 368
278 81
278 256
278 369
279 82
279 257
279 370
280 83
280 258
280 371
281 84
281 259
281 372
282 85
282 260
282 373
283 86
283 261
283 374
284 87
284 262
284 375
285 88
285 263
285 376
286 89
286 264
286 377
287 90
287 265
287 324
288 91
288 266
288 325
289 92
289 267
289 326
290 93
290 268
290 327
291 94
291 269
291 328
292 95
292 216
292 329
293 96
293 217
293 330
294 97
294 218
294 331
295 98
295 219
295 332
296 99
296 220
296 333
297 100
297 221
297 334
298 101
298 222
298 335
299 102
299 223
299 336
300 103
300 224
300 337
301 104
301 225
301 338
302 105
302 226
302 339
303 106
303 227
303 340
304 107
304 228
304 341
305 54
305 229
305 342
306 55
306 230
306 343
307 56
307 231
307 344
308 57
308 232
308 345
309 58
309 233
309 346
310 59
310 234
310 347
311 60
311 235
311 348
312 61
312 236
312 349
313 62
313 237
313 350
314 63
314 238
314 351
315 64
315 239
315 352
316 65
316 240
316 353
317 66
317 241
317 354
318 67
318 242
318 355
319 68
319 243
319 356
320 69
320 244
320 357
321 70
321 245
321 358
322 71
322 246
322 359
323 72
323 247
323 360
324 5
324 160
324 387
325 6
325 161
325 388
326 7
326 108
326 389
327 8
327 109
327 390
328 9
328 110
328 391
329 10
329 111
329 392
330 11
330 112
330 393
331 12
331 113
331 394
332 13
332 114
332 395
333 14
333 115
333 396
334 15
334 116
334 397
335 16
335 117
335 398
336 17
336 118
336 399
337 18
337 119
337 400
338 19
338 120
338 401
339 20
339 121
339 402
340 21
340 122
340 403
341 22
341 123
341 404
342 23
342 124
342 405
343 24
343 125
343 406
344 25
344 126
344 407
345 26
345 127
345 408
346 27
346 128
346 409
347 28
347 129
347 410
348 29
348 130
348 411
349 30
349 131
349 412
350 31
350 132
350 413
351 32
351 133
351 414
352 33
352 134
352 415
353 34
353 135
353 416
354 35
354 136
354 417
355 36
355 137
355 418
356 37
356 138
356 419
357 38
357 139
357 420
358 39
358 140
358 421
359 40
359 141
359 422
360 41
360 142
360 423
361 42
361 143
361 424
362 43
362 144
362 425
363 44
363 145
363 426
364 45
364 146
364 427
365 46
365 147
365 428
366 47
366 148
366 429
367 48
367 149
367 430
368 49
368 150
368 431
369 50
369 151
369 378
370 51
370 152
370 379
371 52
371 153
371 380
372 53
372 154
372 381
373 0
373 155
373 382
374 1
374 156
374 383
375 2
375 157
375 384
376 3
376 158
376 385
377 4
377 159
377 386
378 31
378 212
378 586
379 32
379 213
379 587
380 33
380 214
380 588
381 34
381 215
381 589
382 35
382 162
382 590
383 36
383 163
383 591
384 37
384 164
384 592
385 38
385 165
385 593
386 39
386 166
386 540
387 40
387 167
387 541
388 41
388 168
388 542
389 42
389 169
389 543
390 43
390 170
390 544
391 44
391 171
391 545
392 45
392 172
392 546
393 46
393 173
393 547
394 47
394 174
394 548
395 48
395 175
395 549
396 49
396 176
396 550
397 50
397 177
397 551
398 51
398 178
398 552
399 52
399 179
399 553
400 53
400 180
400 554
401 0
401 181
401 555
402 1
402 182
402 556
403 2
403 183
403 557
404 3
404 184
404 558
405 4
405 185
405 559
406 5
406 186
406 560
407 6
407 187
407 561
408 7
408 188
408 562
409 8
409 189
409 563
410 9
410 190
410 564
411 10
411 191
411 565
412 11
412 192
412 566
413 12
413 193
413 567
414 13
414 194
414 568
415 14
415 195
415 569
416 15
416 196
416 570
417 16
417 197
417 571
418 17
418 198
418 572
419 18
419 199
419 573
420 19
420 200
420 574
421 20
421 201
421 575
422 21
422 202
422 576
423 22
423 203
423 577
424 23
424 204
424 578
425 24
425 205
425 579
426 25
426 206
426 580
427 26
427 207
427 581
428 27
428 208
428 582
429 28
429 209
429 583
430 29
430 210
430 584
431 30
431 211
431 585
432 11
432 95
432 215
432 250
432 280
432 327
432 419
432 463
432 502
432 540
432 614
433 12
433 96
433 162
433 251
433 281
433 328
433 420
433 464
433 503
433 541
433 615
434 13
434 97
434 163
434 252
434 282
434 329
434 421
434 465
434 504
434 542
434 616
435 14
435 98
435 164
435 253
435 283
435 330
435 422
435 466
435 505
435 543
435 617
436 15
436 99
436 165
436 254
436 284
436 331
436 423
436 467
436 506
436 544
436 618
437 16
437 100
437 166
437 255
437 285
437 332
437 424
437 468
437 507
437 545
437 619
438 17
438 101
438 167
438 256
438 286
438 333
438 425
438 469
438 508
438 546
438 620
439 18
439 102
439 168
439 257
439 287
439 334
439 426
439 470
439 509
439 547
439 621
440 19
440 103
440 169
440 258
440 288
440 335
440 427
440 471
440 510
440 548
440 622
441 20
441 104
441 170
441 259
441 289
441 336
441 428
441 472
441 511
441 549
441 623
442 21
442 105
442 171
442 260
442 290
442 337
442 429
442 473
442 512
442 550
442 624
443 22
443 106
443 172
443 261
443 291
443 338
443 430
443 474
443 513
443 551
443 625
444 23
444 107
444 173
444 262
444 292
444 339
444 431
444 475
444 514
444 552
444 626
445 24
445 54
445 174
445 263
445 293
445 340
445 378
445 476
445 515
445 553
445 627
446 25
446 55
446 175
446 264
446 294
446 341
446 379
446 477
446 516
446 554
446 628
447 26
447 56
447 176
447 265
447 295
447 342
447 380
447 478
447 517
447 555
447 629
448 27
448 57
448 177
448 266
448 296
448 343
448 381
448 479
448 518
448 556
448 630
449 28
449 58
449 178
449 267
449 297
449 344
449 382
449 480
449 519
449 557
449 631
450 29
450 59
450 179
450 268
450 298
450 345
450 383
450 481
450 520
450 558
450 632
451 30
451 60
451 180
451 269
451 299
451 346
451 384
451 482
451 521
451 559
451 633
452 31
452 61
452 181
452 216
452 300
452 347
452 385
452 483
452 522
452 560
452 634
453 32
453 62
453 182
453 217
453 301
453 348
453 386
453 484
453 523
453 561
453 635
454 33
454 63
454 183
454 218
454 302
454 349
454 387
454 485
454 524
454 562
454 636
455 34
455 64
455 184
455 219
455 303
455 350
455 388
455 432
455 525
455 563
455 637
456 35
456 65
456 185
456 220
456 304
456 351
456 389
456 433
456 526
456 564
456 638
457 36
457 66
457 186
457 221
457 305
457 352
457 390
457 434
457 527
457 565
457 639
458 37
458 67
458 187
458 222
458 306
458 353
458 391
458 435
458 528
458 566
458 640
459 38
459 68
459 188
459 223
459 307
459 354
459 392
459 436
459 529
459 567
459 641
460 39
460 69
460 189
460 224
460 308
460 355
460 393
460 437
460 530
460 568
460 642
461 40
461 70
461 190
461 225
461 309
461 356
461 394
461 438
461 531
461 569
461 643
462 41
462 71
462 191
462 226
462 310
462 357
462 395
462 439
462 532
462 570
462 644
463 42
463 72
463 192
463 227
463 311
463 358
463 396
463 440
463 533
463 571
463 645
464 43
464 73
464 193
464 228
464 312
464 359
464 397
464 441
464 534
464 572
464 646
465 44
465 74
465 194
465 229
465 313
465 360
465 398
465 442
465 535
465 573
465 647
466 45
466 75
466 195
466 230
466 314
466 361
466 399
466 443
466 536
466 574
466 594
467 46
467 76
467 196
467 231
467 315
467 362
467 400
467 444
467 537
467 575
467 595
468 47
468 77
468 197
468 232
468 316
468 363
468 401
468 445
468 538
468 576
468 596
469 48
469 78
469 198
469 233
469 317
469 364
469 402
469 446
469 539
469 577
469 597
470 49
470 79
470 199
470 234
470 318
470 365
470 403
470 447
470 486
470 578
470 598
471 50
471 80
471 200
471 235
471 319
471 366
471 404
471 448
471 487
471 579
471 599
472 51
472 81
472 201
472 236
472 320
472 367
472 405
472 449
472 488
472 580
472 600
473 52
473 82
473 202
473 237
473 321
473 368
473 406
473 450
473 489
473 581
473 601
474 53
474 83
474 203
474 238
474 322
474 369
474 407
474 451
474 490
474 582
474 602
475 0
475 84
475 204
475 239
475 323
475 370
475 408
475 452
475 491
475 583
475 603
476 1
476 85
476 205
476 240
476 270
476 371
476 409
476 453
476 492
476 584
476 604
477 2
477 86
477 206
477 241
477 271
477 372
477 410
477 454
477 493
477 585
477 605
478 3
478 87
478 207
478 242
478 272
478 373
478 411
478 455
478 494
478 586
478 606
479 4
479 88
479 208
479 243
479 273
479 374
479 412
479 456
479 495
479 587
479 607
480 5
480 89
480 209
480 244
480 274
480 375
480 413
480 457
480 496
480 588
480 608
481 6
481 90
481 210
481 245
481 275
481 376
481 414
481 458
481 497
481 589
481 609
482 7
482 91
482 211
482 246
482 276
482 377
482 415
482 459
482 498
482 590
482 610
483 8
483 92
483 212
483 247
483 277
483 324
483 416
483 460
483 499
483 591
483 611
484 9
484 93
484 213
484 248
484 278
484 325
484 417
484 461
484 500
484 592
484 612
485 10
485 94
485 214
485 249
485 279
485 326
485 418
485 462
485 501
485 593
485 613
486 228
486 392
486 559
487 229
487 393
487 560
488 230
488 394
488 561
489 231
489 395
489 562
490 232
490 396
490 563
491 233
491 397
491 564
492 234
492 398
492 565
493 235
493 399
493 566
494 236
494 400
494 567
495 237
495 401
495 568
496 238
496 402
496 569
497 239
497 403
497 570
498 240
498 404
498 571
499 241
499 405
499 572
500 242
500 406
500 573
501 243
501 407
501 574
502 244
502 408
502 575
503 245
503 409
503 576
504 246
504 410
504 577
505 247
505 411
505 578
506 248
506 412
506 579
507 249
507 413
507 580
508 250
508 414
508 581
509 251
509 415
509 582
510 252
510 416
510 583
511 253
511 417
511 584
512 254
512 418
512 585
513 255
513 419
513 586
514 256
514 420
514 587
515 257
515 421
515 588
516 258
516 422
516 589
517 259
517 423
517 590
518 260
518 424
518 591
519 261
519 425
519 592
520 262
520 426
520 593
521 263
521 427
521 540
522 264
522 428
522 541
523 265
523 429
523 542
524 266
524 430
524 543
525 267
525 431
525 544
526 268
526 378
526 545
527 269
527 379
527 546
528 216
528 380
528 547
529 217
529 381
529 548
530 218
530 382
530 549
531 219
531 383
531 550
532 220
532 384
532 551
533 221
533 385
533 552
534 222
534 386
534 553
535 223
535 387
535 554
536 224
536 388
536 555
537 225
537 389
537 556
538 226
538 390
538 557
539 227
539 391
539 558
540 78
540 306
540 496
541 79
541 307
541 497
542 80
542 308
542 498
543 81
543 309
543 499
544 82
544 310
544 500
545 83
545 311
545 501
546 84
546 312
546 502
547 85
547 313
547 503
548 86
548 314
548 504
549 87
549 315
549 505
550 88
550 316
550 506
551 89
551 317
551 507
552 90
552 318
552 508
553 91
553 319
553 509
554 92
554 320
554 510
555 93
555 321
555 511
556 94
556 322
556 512
557 95
557 323
557 513
558 96
558 270
558 514
559 97
559 271
559 515
560 98
560 272
560 516
561 99
561 273
561 517
562 100
562 274
562 518
563 101
563 275
563 519
564 102
564 276
564 520
565 103
565 277
565 521
566 104
566 278
566 522
567 105
567 279
567 523
568 106
568 280
568 524
569 107
569 281
569 525
570 54
570 282
570 526
571 55
571 283
571 527
572 56
572 284
572 528
573 57
573 285
573 529
574 58
574 286
574 530
575 59
575 287
575 531
576 60
576 288
576 532
577 61
577 289
577 533
578 62
578 290
578 534
579 63
579 291
579 535
580 64
580 292
580 536
581 65
581 293
581 537
582 66
582 294
582 538
583 67
583 295
583 539
584 68
584 296
584 486
585 69
585 297
585 487
586 70
586 298
586 488
587 71
587 299
587 489
588 72
588 300
588 490
589 73
589 301
589 491
590 74
590 302
590 492
591 75
591 303
591 493
592 76
592 304
592 494
593 77
593 305
593 495
594 113
594 440
594 629
595 114
595 441
595 630
596 115
596 442
596 631
597 116
597 443
597 632
598 117
598 444
598 633
599 118
599 445
599 634
600 119
600 446
600 635
601 120
601 447
601 636
602 121
602 448
602 637
603 122
603 449
603 638
604 123
604 450
604 639
605 124
605 451
605 640
606 125
606 452
606 641
607 126
607 453
607 642
608 127
608 454
608 643
609 128
609 455
609 644
610 129
610 456
610 645
611 130
611 457
611 646
612 131
612 458
612 647
613 132
613 459
613 594
614 133
614 460
614 595
615 134
615 461
615 596
616 135
616 462
616 597
617 136
617 463
617 598
618 137
618 464
618 599
619 138
619 465
619 600
620 139
620 466
620 601
621 140
621 467
621 602
622 141
622 468
622 603
623 142
623 469
623 604
624 143
624 470
624 605
625 144
625 471
625 606
626 145
626 472
626 607
627 146
627 473
627 608
628 147
628 474
628 609
629 148
629 475
629 610
630 149
630 476
630 611
631 150
631 477
631 612
632 151
632 478
632 613
633 152
633 479
633 614
634 153
634 480
634 615
635 154
635 481
635 616
636 155
636 482
636 617
637 156
637 483
637 618
638 157
638 484
638 619
639 158
639 485
639 620
640 159
640 432
640 621
641 160
641 433
641 622
642 161
642 434
642 623
643 108
643 435
643 624
644 109
644 436
644 625
645 110
645 437
645 626
646 111
646 438
646 627
647 112
647 439
647 628
648 53
648 324
648 647
649 0
649 325
649 594
650 1
650 326
650 595
651 2
651 327
651 596
652 3
652 328
652 597
653 4
653 329
653 598
654 5
654 330
654 599
655 6
655 331
655 600
656 7
656 332
656 601
657 8
657 333
657 602
658 9
658 334
658 603
659 10
659 335
659 604
660 11
660 336
660 605
661 12
661 337
661 606
662 13
662 338
662 607
663 14
663 339
663 608
664 15
664 340
664 609
665 16
665 341
665 610
666 17
666 342
666 611
667 18
667 343
667 612
668 19
668 344
668 613
669 20
669 345
669 614
670 21
670 346
670 615
671 22
671 347
671 616
672 23
672 348
672 617
673 24
673 349
673 618
674 25
674 350
674 619
675 26
675 351
675 620
676 27
676 352
676 621
677 28
677 353
677 622
678 29
678 354
678 623
679 30
679 355
679 624
680 31
680 356
680 625
681 32
681 357
681 626
682 33
682 358
682 627
683 34
683 359
683 628
684 35
684 360
684 629
685 36
685 361
685 630
686 37
686 362
686 631
687 38
687 363
687 632
688 39
688 364
688 633
689 40
689 365
689 634
690 41
690 366
690 635
691 42
691 367
691 636
692 43
692 368
692 637
693 44
693 369
693 638
694 45
694 370
694 639
695 46
695 371
695 640
696 47
696 372
696 641
697 48
697 373
697 642
698 49
698 374
698 643
699 50
699 375
699 644
700 51
700 376
700 645
701 52
701 377
701 646
702 0
702 54
703 1
703 55
704 2
704 56
705 3
705 57
706 4
706 58
707 5
707 59
708 6
708 60
709 7
709 61
710 8
710 62
711 9
711 63
712 10
712 64
713 11
713 65
714 12
714 66
715 13
715 67
716 14
716 68
717 15
717 69
718 16
718 70
719 17
719 71
720 18
720 72
721 19
721 73
722 20
722 74
723 21
723 75
724 22
724 76
725 23
725 77
726 24
726 78
727 25
727 79
728 26
728 80
729 27
729 81
730 28
730 82
731 29
731 83
732 30
732 84
733 31
733 85
734 32
734 86
735 33
735 87
736 34
736 88
737 35
737 89
738 36
738 90
739 37
739 91
740 38
740 92
741 39
741 93
742 40
742 94
743 41
743 95
744 42
744 96
745 43
745 97
746 44
746 98
747 45
747 99
748 46
748 100
749 47
749 101
750 48
750 102
751 49
751 103
752 50
752 104
753 51
753 105
754 52
754 106
755 53
755 107
756 54
756 108
757 55
757 109
758 56
758 110
759 57
759 111
760 58
760 112
761 59
761 113
762 60
762 114
763 61
763 115
764 62
764 116
765 63
765 117
766 64
766 118
767 65
767 119
768 66
768 120
769 67
769 121
770 68
770 122
771 69
771 123
772 70
772 124
773 71
773 125
774 72
774 126
775 73
775 127
776 74
776 128
777 75
777 129
778 76
778 130
779 77
779 131
780 78
780 132
781 79
781 133
782 80
782 134
783 81
783 135
784 82
784 136
785 83
785 137
786 84
786 138
787 85
787 139
788 86
788 140
789 87
789 141
790 88
790 142
791 89
791 143
792 90
792 144
793 91
793 145
794 92
794 146
795 93
795 147
796 94
796 148
797 95
797 149
798 96
798 150
799 97
799 151
800 98
800 152
801 99
801 153
802 100
802 154
803 101
803 155
804 102
804 156
805 103
805 157
806 104
806 158
807 105
807 159
808 106
808 160
809 107
809 161
810 108
810 162
811 109
811 163
812 110
812 164
813 111
813 165
814 112
814 166
815 113
815 167
816 114
816 168
817 115
817 169
818 116
818 170
819 117
819 171
820 118
820 172
821 119
821 173
822 120
822 174
823 121
823 175
824 122
824 176
825 123
825 177
826 124
826 178
827 125
827 179
828 126
828 180
829 127
829 181
830 128
830 182
831 129
831 183
832 130
832 184
833 131
833 185
834 132
834 186
835 133
835 187
836 134
836 188
837 135
837 189
838 136
838 190
839 137
839 191
840 138
840 192
841 139
841 193
842 140
842 194
843 141
843 195
844 142
844 196
845 143
845 197
846 144
846 198
847 145
847 199
848 146
848 200
849 147
849 201
850 148
850 202
851 149
851 203
852 150
852 204
853 151
853 205
854 152
854 206
855 153
855 207
856 154
856 208
857 155
857 209
858 156
858 210
859 157
859 211
860 158
860 212
861 159
861 213
862 160
862 214
863 161
863 215
864 162
864 216
865 163
865 217
866 164
866 218
867 165
867 219
868 166
868 220
869 167
869 221
870 168
870 222
871 169
871 223
872 170
872 224
873 171
873 225
874 172
874 226
875 173
875 227
876 174
876 228
877 175
877 229
878 176
878 230
879 177
879 231
880 178
880 232
881 179
881 233
882 180
882 234
883 181
883 235
884 182
884 236
885 183
885 237
886 184
886 238
887 185
887 239
888 186
888 240
889 187
889 241
890 188
890 242
891 189
891 243
892 190
892 244
893 191
893 245
894 192
894 246
895 193
895 247
896 194
896 248
897 195
897 249
898 196
898 250
899 197
899 251
900 198
900 252
901 199
901 253
902 200
902 254
903 201
903 255
904 202
904 256
905 203
905 257
906 204
906 258
907 205
907 259
908 206
908 260
909 207
909 261
910 208
910 262
911 209
911 263
912 210
912 264
913 211
913 265
914 212
914 266
915 213
915 267
916 214
916 268
917 215
917 269
918 216
918 270
919 217
919 271
920 218
920 272
921 219
921 273
922 220
922 274
923 221
923 275
924 222
924 276
925 223
925 277
926 224
926 278
927 225
927 279
928 226
928 280
929 227
929 281
930 228
930 282
931 229
931 283
932 230
932 284
933 231
933 285
934 232
934 286
935 233
935 287
936 234
936 288
937 235
937 289
938 236
938 290
939 237
939 291
940 238
940 292
941 239
941 293
942 240
942 294
943 241
943 295
944 242
944 296
945 243
945 297
946 244
946 298
947 245
947 299
948 246
948 300
949 247
949 301
950 248
950 302
951 249
951 303
952 250
952 304
953 251
953 305
954 252
954 306
955 253
955 307
956 254
956 308
957 255
957 309
958 256
958 310
959 257
959 311
960 258
960 312
961 259
961 313
962 260
962 314
963 261
963 315
964 262
964 316
965 263
965 317
966 264
966 318
967 265
967 319
968 266
968 320
969 267
969 321
970 268
970 322
971 269
971 323
972 270
972 324
973 271
973 325
974 272
974 326
975 273
975 327
976 274
976 328
977 275
977 329
978 276
978 330
979 277
979 331
980 278
980 332
981 279
981 333
982 280
982 334
983 281
983 335
984 282
984 336
985 283
985 337
986 284
986 338
987 285
987 339
988 286
988 340
989 287
989 341
990 288
990 342
991 289
991 343
992 290
992 344
993 291
993 345
994 292
994 346
995 293
995 347
996 294
996 348
997 295
997 349
998 296
998 350
999 297
999 351
1000 298
1000 352
1001 299
1001 353
1002 300
1002 354
1003 301
1003 355
1004 302
1004 356
1005 303
1005 357
1006 304
1006 358
1007 305
1007 359
1008 306
1008 360
1009 307
1009 361
1010 308
1010 362
1011 309
1011 363
1012 310
1012 364
1013 311
1013 365
1014 312
1014 366
1015 313
1015 367
1016 314
1016 368
1017 315
1017 369
1018 316
1018 370
1019 317
1019 371
1020 318
1020 372
1021 319
1021 373
1022 320
1022 374
1023 321
1023 375
1024 322
1024 376
1025 323
1025 377
1026 324
1026 378
1027 325
1027 379
1028 326
1028 380
1029 327
1029 381
1030 328
1030 382
1031 329
1031 383
1032 330
1032 384
1033 331
1033 385
1034 332
1034 386
1035 333
1035 387
1036 334
1036 388
1037 335
1037 389
1038 336
1038 390
1039 337
1039 391
1040 338
1040 392
1041 339
1041 393
1042 340
1042 394
1043 341
1043 395
1044 342
1044 396
1045 343
1045 397
1046 344
1046 398
1047 345
1047 399
1048 346
1048 400
1049 347
1049 401
1050 348
1050 402
1051 349
1051 403
1052 350
1052 404
1053 351
1053 405
1054 352
1054 406
1055 353
1055 407
1056 354
1056 408
1057 355
1057 409
1058 356
1058 410
1059 357
1059 411
1060 358
1060 412
1061 359
1061 413
1062 360
1062 414
1063 361
1063 415
1064 362
1064 416
1065 363
1065 417
1066 364
1066 418
1067 365
1067 419
1068 366
1068 420
1069 367
1069 421
1070 368
1070 422
1071 369
1071 423
1072 370
1072 424
1073 371
1073 425
1074 372
1074 426
1075 373
1075 427
1076 374
1076 428
1077 375
1077 429
1078 376
1078 430
1079 377
1079 431
1080 378
1080 432
1081 379
1081 433
1082 380
1082 434
1083 381
1083 435
1084 382
1084 436
1085 383
1085 437
1086 384
1086 438
1087 385
1087 439
1088 386
1088 440
1089 387
1089 441
1090 388
1090 442
1091 389
1091 443
1092 390
1092 444
1093 391
1093 445
1094 392
1094 446
1095 393
1095 447
1096 394
1096 448
1097 395
1097 449
1098 396
1098 450
1099 397
1099 451
1100 398
1100 452
1101 399
1101 453
1102 400
1102 454
1103 401
1103 455
1104 402
1104 456
1105 403
1105 457
1106 404
1106 458
1107 405
1107 459
1108 406
1108 460
1109 407
1109 461
1110 408
1110 462
1111 409
1111 463
1112 410
1112 464
1113 411
1113 465
1114 412
1114 466
1115 413
1115 467
1116 414
1116 468
1117 415
1117 469
1118 416
1118 470
1119 417
1119 471
1120 418
1120 472
1121 419
1121 473
1122 420
1122 474
1123 421
1123 475
1124 422
1124 476
1125 423
1125 477
1126 424
1126 478
1127 425
1127 479
1128 426
1128 480
1129 427
1129 481
1130 428
1130 482
1131 429
1131 483
1132 430
1132 484
1133 431
1133 485
1134 432
1134 486
1135 433
1135 487
1136 434
1136 488
1137 435
1137 489
1138 436
1138 490
1139 437
1139 491
1140 438
1140 492
1141 439
1141 493
1142 440
1142 494
1143 441
1143 495
1144 442
1144 496
1145 443
1145 497
1146 444
1146 498
1147 445
1147 499
1148 446
1148 500
1149 447
1149 501
1150 448
1150 502
1151 449
1151 503
1152 450
1152 504
1153 451
1153 505
1154 452
1154 506
1155 453
1155 507
1156 454
1156 508
1157 455
1157 509
1158 456
1158 510
1159 457
1159 511
1160 458
1160 512
1161 459
1161 513
1162 460
1162 514
1163 461
1163 515
1164 462
1164 516
1165 463
1165 517
1166 464
1166 518
1167 465
1167 519
1168 466
1168 520
1169 467
1169 521
1170 468
1170 522
1171 469
1171 523
1172 470
1172 524
1173 471
1173 525
1174 472
1174 526
1175 473
1175 527
1176 474
1176 528
1177 475
1177 529
1178 476
1178 530
1179 477
1179 531
1180 478
1180 532
1181 479
1181 533
1182 480
1182 534
1183 481
1183 535
1184 482
1184 536
1185 483
1185 537
1186 484
1186 538
1187 485
1187 539
1188 486
1188 540
1189 487
1189 541
1190 488
1190 542
1191 489
1191 543
1192 490
1192 544
1193 491
1193 545
1194 492
1194 546
1195 493
1195 547
1196 494
1196 548
1197 495
1197 549
1198 496
1198 550
1199 497
1199 551
1200 498
1200 552
1201 499
1201 553
1202 500
1202 554
1203 501
1203 555
1204 502
1204 556
1205 503
1205 557
1206 504
1206 558
1207 505
1207 559
1208 506
1208 560
1209 507
1209 561
1210 508
1210 562
1211 509
1211 563
1212 510
1212 564
1213 511
1213 565
1214 512
1214 566
1215 513
1215 567
1216 514
1216 568
1217 515
1217 569
1218 516
1218 570
1219 517
1219 571
1220 518
1220 572
1221 519
1221 573
1222 520
1222 574
1223 521
1223 575
1224 522
1224 576
1225 523
1225 577
1226 524
1226 578
1227 525
1227 579
1228 526
1228 580
1229 527
1229 581
1230 528
1230 582
1231 529
1231 583
1232 530
1232 584
1233 531
1233 585
1234 532
1234 586
1235 533
1235 587
1236 534
1236 588
1237 535
1237 589
1238 536
1238 590
1239 537
1239 591
1240 538
1240 592
1241 539
1241 593
1242 540
1242 594
1243 541
1243 595
1244 542
1244 596
1245 543
1245 597
1246 544
1246 598
1247 545
1247 599
1248 546
1248 600
1249 547
1249 601
1250 548
1250 602
1251 549
1251 603
1252 550
1252 604
1253 551
1253 605
1254 552
1254 606
1255 553
1255 607
1256 554
1256 608
1257 555
1257 609
1258 556
1258 610
1259 557
1259 611
1260 558
1260 612
1261 559
1261 613
1262 560
1262 614
1263 561
1263 615
1264 562
1264 616
1265 563
1265 617
1266 564
1266 618
1267 565
1267 619
1268 566
1268 620
1269 567
1269 621
1270 568
1270 622
1271 569
1271 623
1272 570
1272 624
1273 571
1273 625
1274 572
1274 626
1275 573
1275 627
1276 574
1276 628
1277 575
1277 629
1278 576
1278 630
1279 577
1279 631
1280 578
1280 632
1281 579
1281 633
1282 580
1282 634
1283 581
1283 635
1284 582
1284 636
1285 583
1285 637
1286 584
1286 638
1287 585
1287 639
1288 586
1288 640
1289 587
1289 641
1290 588
1290 642
1291 589
1291 643
1292 590
1292 644
1293 591
1293 645
1294 592
1294 646
1295 593
1295 647
