204
102
612
2
3
6
0 72
0 80
0 83
1 25
1 44
1 62
2 16
2 54
2 76
3 23
3 46
3 73
4 8
4 9
4 51
5 43
5 61
5 62
6 34
6 37
6 38
7 3
7 59
7 99
8 62
8 81
8 97
9 39
9 67
9 79
10 17
10 80
10 90
11 85
11 87
11 98
12 64
12 70
12 76
13 8
13 28
13 32
14 14
14 33
14 40
15 10
15 21
15 74
16 23
16 47
16 94
17 21
17 43
17 59
18 4
18 18
18 40
19 21
19 30
19 42
20 17
20 20
20 55
21 48
21 50
21 82
22 6
22 78
22 87
23 4
23 35
23 66
24 31
24 74
24 83
25 0
25 37
25 78
26 42
26 74
26 81
27 0
27 1
27 22
28 32
28 60
28 82
29 2
29 29
29 68
30 4
30 27
30 76
31 3
31 7
31 55
32 35
32 52
32 75
33 27
33 95
33 101
34 16
34 43
34 47
35 25
35 73
35 91
36 10
36 55
36 68
37 17
37 49
37 67
38 33
38 36
38 71
39 24
39 36
39 75
40 20
40 22
40 29
41 6
41 28
41 39
42 38
42 70
42 77
43 1
43 12
43 95
44 32
44 50
44 54
45 15
45 48
45 63
46 36
46 53
46 65
47 35
47 49
47 88
48 14
48 44
48 56
49 14
49 34
49 87
50 56
50 77
50 101
51 26
51 70
51 97
52 26
52 51
52 93
53 19
53 67
53 86
54 7
54 37
54 88
55 23
55 52
55 93
56 10
56 18
56 49
57 13
57 82
57 97
58 1
58 54
58 75
59 40
59 61
59 69
60 13
60 77
60 85
61 2
61 20
61 58
62 22
62 45
62 63
63 42
63 44
63 46
64 0
64 30
64 94
65 58
65 83
65 84
66 53
66 93
66 100
67 5
67 30
67 92
68 58
68 60
68 94
69 46
69 57
69 72
70 6
70 53
70 86
71 51
71 78
71 96
72 11
72 27
72 89
73 29
73 96
73 98
74 41
74 72
74 99
75 19
75 61
75 100
76 79
76 84
76 95
77 57
77 90
77 99
78 5
78 15
78 18
79 48
79 71
79 98
80 16
80 69
80 91
81 68
81 89
81 92
82 9
82 24
82 39
83 38
83 71
83 81
84 11
84 66
84 73
85 3
85 26
85 64
86 19
86 84
86 89
87 12
87 91
87 101
88 7
88 8
88 45
89 9
89 34
89 45
90 52
90 92
90 96
91 41
91 47
91 65
92 63
92 86
92 88
93 24
93 25
93 57
94 5
94 56
94 66
95 2
95 11
95 64
96 60
96 65
96 90
97 28
97 80
97 100
98 50
98 59
98 85
99 13
99 15
99 79
100 31
100 33
100 69
101 12
101 31
101 41
102 16
102 44
102 71
103 13
103 21
103 51
104 1
104 48
104 52
105 59
105 75
105 94
106 25
106 38
106 56
107 31
107 47
107 59
108 1
108 7
108 77
109 2
109 53
109 91
110 41
110 54
110 70
111 4
111 22
111 61
112 34
112 49
112 98
113 17
113 30
113 36
114 11
114 23
114 83
115 13
115 55
115 96
116 39
116 43
116 93
117 21
117 62
117 73
118 27
118 48
118 62
119 41
119 77
119 95
120 26
120 84
120 100
121 54
121 74
121 98
122 8
122 39
122 66
123 27
123 60
123 96
124 15
124 75
124 100
125 32
125 87
125 94
126 4
126 32
126 36
127 26
127 60
127 67
128 37
128 51
128 64
129 14
129 19
129 41
130 22
130 59
130 83
131 51
131 66
131 72
132 24
132 52
132 65
133 20
133 50
133 76
134 0
134 61
134 80
135 20
135 65
135 95
136 55
136 74
136 82
137 7
137 12
137 18
138 18
138 29
138 50
139 57
139 89
139 101
140 10
140 67
140 96
141 14
141 88
141 97
142 19
142 34
142 43
143 4
143 34
143 73
144 25
144 58
144 71
145 9
145 87
145 93
146 45
146 68
146 99
147 15
147 53
147 76
148 5
148 73
148 90
149 12
149 63
149 100
150 31
150 39
150 46
151 23
151 49
151 89
152 37
152 45
152 47
153 46
153 84
153 85
154 5
154 33
154 50
155 6
155 35
155 67
156 6
156 30
156 55
157 60
157 68
157 91
158 38
158 42
158 47
159 30
159 63
159 70
160 7
160 32
160 92
161 3
161 16
161 78
162 36
162 94
162 97
163 24
163 76
163 86
164 18
164 48
164 66
165 1
165 68
165 86
166 0
166 9
166 21
167 28
167 63
167 87
168 64
168 69
168 90
169 24
169 83
169 101
170 44
170 65
170 98
171 17
171 56
171 57
172 0
172 3
172 69
173 11
173 29
173 71
174 31
174 81
174 88
175 14
175 46
175 54
176 17
176 23
176 58
177 12
177 20
177 80
178 28
178 53
178 99
179 3
179 49
179 56
180 22
180 89
180 93
181 9
181 33
181 78
182 43
182 88
182 92
183 40
183 72
183 101
184 25
184 79
184 81
185 10
185 64
185 91
186 40
186 44
186 86
187 27
187 70
187 82
188 33
188 38
188 84
189 8
189 13
189 81
190 2
190 19
190 35
191 75
191 82
191 85
192 28
192 69
192 79
193 8
193 11
193 42
194 62
194 72
194 77
195 26
195 29
195 45
196 15
196 58
196 85
197 5
197 57
197 61
198 40
198 90
198 97
199 10
199 92
199 95
200 42
200 52
200 80
201 35
201 74
201 78
202 2
202 16
202 37
203 6
203 79
203 99
