1677
645
7224
9
19
0 9
1 9
2 9
3 9
4 9
5 9
6 9
7 9
8 9
9 9
10 9
11 9
12 9
13 9
14 9
15 9
16 9
17 9
18 9
19 9
20 9
21 9
22 9
23 9
24 9
25 9
26 9
27 9
28 9
29 9
30 9
31 9
32 9
33 9
34 9
35 9
36 9
37 9
38 9
39 9
40 9
41 9
42 9
43 9
44 9
45 9
46 9
47 9
48 9
49 9
50 9
51 9
52 9
53 9
54 9
55 9
56 9
57 9
58 9
59 9
60 9
61 9
62 9
63 9
64 9
65 9
66 9
67 9
68 9
69 9
70 9
71 9
72 9
73 9
74 9
75 9
76 9
77 9
78 9
79 9
80 9
81 9
82 9
83 9
84 9
85 9
86 9
87 9
88 9
89 9
90 9
91 9
92 9
93 9
94 9
95 9
96 9
97 9
98 9
99 9
100 9
101 9
102 9
103 9
104 9
105 9
106 9
107 9
108 9
109 9
110 9
111 9
112 9
113 9
114 9
115 9
116 9
117 9
118 9
119 9
120 9
121 9
122 9
123 9
124 9
125 9
126 9
127 9
128 9
129 6
130 6
131 6
132 6
133 6
134 6
135 6
136 6
137 6
138 6
139 6
140 6
141 6
142 6
143 6
144 6
145 6
146 6
147 6
148 6
149 6
150 6
151 6
152 6
153 6
154 6
155 6
156 6
157 6
158 6
159 6
160 6
161 6
162 6
163 6
164 6
165 6
166 6
167 6
168 6
169 6
170 6
171 6
172 6
173 6
174 6
175 6
176 6
177 6
178 6
179 6
180 6
181 6
182 6
183 6
184 6
185 6
186 6
187 6
188 6
189 6
190 6
191 6
192 6
193 6
194 6
195 6
196 6
197 6
198 6
199 6
200 6
201 6
202 6
203 6
204 6
205 6
206 6
207 6
208 6
209 6
210 6
211 6
212 6
213 6
214 6
215 6
216 6
217 6
218 6
219 6
220 6
221 6
222 6
223 6
224 6
225 6
226 6
227 6
228 6
229 6
230 6
231 6
232 6
233 6
234 6
235 6
236 6
237 6
238 6
239 6
240 6
241 6
242 6
243 6
244 6
245 6
246 6
247 6
248 6
249 6
250 6
251 6
252 6
253 6
254 6
255 6
256 6
257 6
258 6
259 6
260 6
261 6
262 6
263 6
264 6
265 6
266 6
267 6
268 6
269 6
270 6
271 6
272 6
273 6
274 6
275 6
276 6
277 6
278 6
279 6
280 6
281 6
282 6
283 6
284 6
285 6
286 6
287 6
288 6
289 6
290 6
291 6
292 6
293 6
294 6
295 6
296 6
297 6
298 6
299 6
300 6
301 6
302 6
303 6
304 6
305 6
306 6
307 6
308 6
309 6
310 6
311 6
312 6
313 6
314 6
315 6
316 6
317 6
318 6
319 6
320 6
321 6
322 6
323 6
324 6
325 6
326 6
327 6
328 6
329 6
330 6
331 6
332 6
333 6
334 6
335 6
336 6
337 6
338 6
339 6
340 6
341 6
342 6
343 6
344 6
345 6
346 6
347 6
348 6
349 6
350 6
351 6
352 6
353 6
354 6
355 6
356 6
357 6
358 6
359 6
360 6
361 6
362 6
363 6
364 6
365 6
366 6
367 6
368 6
369 6
370 6
371 6
372 6
373 6
374 6
375 6
376 6
377 6
378 6
379 6
380 6
381 6
382 6
383 6
384 6
385 6
386 6
387 6
388 6
389 6
390 6
391 6
392 6
393 6
394 6
395 6
396 6
397 6
398 6
399 6
400 6
401 6
402 6
403 6
404 6
405 6
406 6
407 6
408 6
409 6
410 6
411 6
412 6
413 6
414 6
415 6
416 6
417 6
418 6
419 6
420 6
421 6
422 6
423 6
424 6
425 6
426 6
427 6
428 6
429 6
430 6
431 6
432 6
433 6
434 6
435 6
436 6
437 6
438 6
439 6
440 6
441 6
442 6
443 6
444 6
445 6
446 6
447 6
448 6
449 6
450 6
451 6
452 6
453 6
454 6
455 6
456 6
457 6
458 6
459 6
460 6
461 6
462 6
463 6
464 6
465 6
466 6
467 6
468 6
469 6
470 6
471 6
472 6
473 6
474 6
475 6
476 6
477 6
478 6
479 6
480 6
481 6
482 6
483 6
484 6
485 6
486 6
487 6
488 6
489 6
490 6
491 6
492 6
493 6
494 6
495 6
496 6
497 6
498 6
499 6
500 6
501 6
502 6
503 6
504 6
505 6
506 6
507 6
508 6
509 6
510 6
511 6
512 6
513 6
514 6
515 6
516 6
517 6
518 6
519 6
520 6
521 6
522 6
523 6
524 6
525 6
526 6
527 6
528 6
529 6
530 6
531 6
532 6
533 6
534 6
535 6
536 6
537 6
538 6
539 6
540 6
541 6
542 6
543 6
544 6
545 6
546 6
547 6
548 6
549 6
550 6
551 6
552 6
553 6
554 6
555 6
556 6
557 6
558 6
559 6
560 6
561 6
562 6
563 6
564 6
565 6
566 6
567 6
568 6
569 6
570 6
571 6
572 6
573 6
574 6
575 6
576 6
577 6
578 6
579 6
580 6
581 6
582 6
583 6
584 6
585 6
586 6
587 6
588 6
589 6
590 6
591 6
592 6
593 6
594 6
595 6
596 6
597 6
598 6
599 6
600 6
601 6
602 6
603 6
604 6
605 6
606 6
607 6
608 6
609 6
610 6
611 6
612 6
613 6
614 6
615 6
616 6
617 6
618 6
619 6
620 6
621 6
622 6
623 6
624 6
625 6
626 6
627 6
628 6
629 6
630 6
631 6
632 6
633 6
634 6
635 6
636 6
637 6
638 6
639 6
640 6
641 6
642 6
643 6
644 6
645 6
646 6
647 6
648 6
649 6
650 6
651 6
652 6
653 6
654 6
655 6
656 6
657 6
658 6
659 6
660 6
661 6
662 6
663 6
664 6
665 6
666 6
667 6
668 6
669 6
670 6
671 6
672 6
673 6
674 6
675 6
676 6
677 6
678 6
679 6
680 6
681 6
682 6
683 6
684 6
685 6
686 6
687 6
688 6
689 6
690 6
691 6
692 6
693 6
694 6
695 6
696 6
697 6
698 6
699 6
700 6
701 6
702 6
703 6
704 6
705 6
706 6
707 6
708 6
709 6
710 6
711 6
712 6
713 6
714 6
715 6
716 6
717 6
718 6
719 6
720 6
721 6
722 6
723 6
724 6
725 6
726 6
727 6
728 6
729 6
730 6
731 6
732 6
733 6
734 6
735 6
736 6
737 6
738 6
739 6
740 6
741 6
742 6
743 6
744 6
745 6
746 6
747 6
748 6
749 6
750 6
751 6
752 6
753 6
754 6
755 6
756 6
757 6
758 6
759 6
760 6
761 6
762 6
763 6
764 6
765 6
766 6
767 6
768 6
769 6
770 6
771 6
772 6
773 6
774 4
775 4
776 4
777 4
778 4
779 4
780 4
781 4
782 4
783 4
784 4
785 4
786 4
787 4
788 4
789 4
790 4
791 4
792 4
793 4
794 4
795 4
796 4
797 4
798 4
799 4
800 4
801 4
802 4
803 4
804 4
805 4
806 4
807 4
808 4
809 4
810 4
811 4
812 4
813 4
814 4
815 4
816 4
817 4
818 4
819 4
820 4
821 4
822 4
823 4
824 4
825 4
826 4
827 4
828 4
829 4
830 4
831 4
832 4
833 4
834 4
835 4
836 4
837 4
838 4
839 4
840 4
841 4
842 4
843 4
844 4
845 4
846 4
847 4
848 4
849 4
850 4
851 4
852 4
853 4
854 4
855 4
856 4
857 4
858 4
859 4
860 4
861 4
862 4
863 4
864 4
865 4
866 4
867 4
868 4
869 4
870 4
871 4
872 4
873 4
874 4
875 4
876 4
877 4
878 4
879 4
880 4
881 4
882 4
883 4
884 4
885 4
886 4
887 4
888 4
889 4
890 4
891 4
892 4
893 4
894 4
895 4
896 4
897 4
898 4
899 4
900 4
901 4
902 4
903 4
904 4
905 4
906 4
907 4
908 4
909 4
910 4
911 4
912 4
913 4
914 4
915 4
916 4
917 4
918 4
919 4
920 4
921 4
922 4
923 4
924 4
925 4
926 4
927 4
928 4
929 4
930 4
931 4
932 4
933 4
934 4
935 4
936 4
937 4
938 4
939 4
940 4
941 4
942 4
943 4
944 4
945 4
946 4
947 4
948 4
949 4
950 4
951 4
952 4
953 4
954 4
955 4
956 4
957 4
958 4
959 4
960 4
961 4
962 4
963 4
964 4
965 4
966 4
967 4
968 4
969 4
970 4
971 4
972 4
973 4
974 4
975 4
976 4
977 4
978 4
979 4
980 4
981 4
982 4
983 4
984 4
985 4
986 4
987 4
988 4
989 4
990 4
991 4
992 4
993 4
994 4
995 4
996 4
997 4
998 4
999 4
1000 4
1001 4
1002 4
1003 4
1004 4
1005 4
1006 4
1007 4
1008 4
1009 4
1010 4
1011 4
1012 4
1013 4
1014 4
1015 4
1016 4
1017 4
1018 4
1019 4
1020 4
1021 4
1022 4
1023 4
1024 4
1025 4
1026 4
1027 4
1028 4
1029 4
1030 4
1031 4
1032 3
1033 3
1034 3
1035 3
1036 3
1037 3
1038 3
1039 3
1040 3
1041 3
1042 3
1043 3
1044 3
1045 3
1046 3
1047 3
1048 3
1049 3
1050 3
1051 3
1052 3
1053 3
1054 3
1055 3
1056 3
1057 3
1058 3
1059 3
1060 3
1061 3
1062 3
1063 3
1064 3
1065 3
1066 3
1067 3
1068 3
1069 3
1070 3
1071 3
1072 3
1073 3
1074 3
1075 3
1076 3
1077 3
1078 3
1079 3
1080 3
1081 3
1082 3
1083 3
1084 3
1085 3
1086 3
1087 3
1088 3
1089 3
1090 3
1091 3
1092 3
1093 3
1094 3
1095 3
1096 3
1097 3
1098 3
1099 3
1100 3
1101 3
1102 3
1103 3
1104 3
1105 3
1106 3
1107 3
1108 3
1109 3
1110 3
1111 3
1112 3
1113 3
1114 3
1115 3
1116 3
1117 3
1118 3
1119 3
1120 3
1121 3
1122 3
1123 3
1124 3
1125 3
1126 3
1127 3
1128 3
1129 3
1130 3
1131 3
1132 3
1133 3
1134 3
1135 3
1136 3
1137 3
1138 3
1139 3
1140 3
1141 3
1142 3
1143 3
1144 3
1145 3
1146 3
1147 3
1148 3
1149 3
1150 3
1151 3
1152 3
1153 3
1154 3
1155 3
1156 3
1157 3
1158 3
1159 3
1160 3
1161 3
1162 3
1163 3
1164 3
1165 3
1166 3
1167 3
1168 3
1169 3
1170 3
1171 3
1172 3
1173 3
1174 3
1175 3
1176 3
1177 3
1178 3
1179 3
1180 3
1181 3
1182 3
1183 3
1184 3
1185 3
1186 3
1187 3
1188 3
1189 3
1190 3
1191 3
1192 3
1193 3
1194 3
1195 3
1196 3
1197 3
1198 3
1199 3
1200 3
1201 3
1202 3
1203 3
1204 3
1205 3
1206 3
1207 3
1208 3
1209 3
1210 3
1211 3
1212 3
1213 3
1214 3
1215 3
1216 3
1217 3
1218 3
1219 3
1220 3
1221 3
1222 3
1223 3
1224 3
1225 3
1226 3
1227 3
1228 3
1229 3
1230 3
1231 3
1232 3
1233 3
1234 3
1235 3
1236 3
1237 3
1238 3
1239 3
1240 3
1241 3
1242 3
1243 3
1244 3
1245 3
1246 3
1247 3
1248 3
1249 3
1250 3
1251 3
1252 3
1253 3
1254 3
1255 3
1256 3
1257 3
1258 3
1259 3
1260 3
1261 3
1262 3
1263 3
1264 3
1265 3
1266 3
1267 3
1268 3
1269 3
1270 3
1271 3
1272 3
1273 3
1274 3
1275 3
1276 3
1277 3
1278 3
1279 3
1280 3
1281 3
1282 3
1283 3
1284 3
1285 3
1286 3
1287 3
1288 3
1289 3
1290 1
1291 1
1292 1
1293 1
1294 1
1295 1
1296 1
1297 1
1298 1
1299 1
1300 1
1301 1
1302 1
1303 1
1304 1
1305 1
1306 1
1307 1
1308 1
1309 1
1310 1
1311 1
1312 1
1313 1
1314 1
1315 1
1316 1
1317 1
1318 1
1319 1
1320 1
1321 1
1322 1
1323 1
1324 1
1325 1
1326 1
1327 1
1328 1
1329 1
1330 1
1331 1
1332 1
1333 1
1334 1
1335 1
1336 1
1337 1
1338 1
1339 1
1340 1
1341 1
1342 1
1343 1
1344 1
1345 1
1346 1
1347 1
1348 1
1349 1
1350 1
1351 1
1352 1
1353 1
1354 1
1355 1
1356 1
1357 1
1358 1
1359 1
1360 1
1361 1
1362 1
1363 1
1364 1
1365 1
1366 1
1367 1
1368 1
1369 1
1370 1
1371 1
1372 1
1373 1
1374 1
1375 1
1376 1
1377 1
1378 1
1379 1
1380 1
1381 1
1382 1
1383 1
1384 1
1385 1
1386 1
1387 1
1388 1
1389 1
1390 1
1391 1
1392 1
1393 1
1394 1
1395 1
1396 1
1397 1
1398 1
1399 1
1400 1
1401 1
1402 1
1403 1
1404 1
1405 1
1406 1
1407 1
1408 1
1409 1
1410 1
1411 1
1412 1
1413 1
1414 1
1415 1
1416 1
1417 1
1418 1
1419 1
1420 1
1421 1
1422 1
1423 1
1424 1
1425 1
1426 1
1427 1
1428 1
1429 1
1430 1
1431 1
1432 1
1433 1
1434 1
1435 1
1436 1
1437 1
1438 1
1439 1
1440 1
1441 1
1442 1
1443 1
1444 1
1445 1
1446 1
1447 1
1448 1
1449 1
1450 1
1451 1
1452 1
1453 1
1454 1
1455 1
1456 1
1457 1
1458 1
1459 1
1460 1
1461 1
1462 1
1463 1
1464 1
1465 1
1466 1
1467 1
1468 1
1469 1
1470 1
1471 1
1472 1
1473 1
1474 1
1475 1
1476 1
1477 1
1478 1
1479 1
1480 1
1481 1
1482 1
1483 1
1484 1
1485 1
1486 1
1487 1
1488 1
1489 1
1490 1
1491 1
1492 1
1493 1
1494 1
1495 1
1496 1
1497 1
1498 1
1499 1
1500 1
1501 1
1502 1
1503 1
1504 1
1505 1
1506 1
1507 1
1508 1
1509 1
1510 1
1511 1
1512 1
1513 1
1514 1
1515 1
1516 1
1517 1
1518 1
1519 1
1520 1
1521 1
1522 1
1523 1
1524 1
1525 1
1526 1
1527 1
1528 1
1529 1
1530 1
1531 1
1532 1
1533 1
1534 1
1535 1
1536 1
1537 1
1538 1
1539 1
1540 1
1541 1
1542 1
1543 1
1544 1
1545 1
1546 1
1547 1
1548 1
1549 1
1550 1
1551 1
1552 1
1553 1
1554 1
1555 1
1556 1
1557 1
1558 1
1559 1
1560 1
1561 1
1562 1
1563 1
1564 1
1565 1
1566 1
1567 1
1568 1
1569 1
1570 1
1571 1
1572 1
1573 1
1574 1
1575 1
1576 1
1577 1
1578 1
1579 1
1580 1
1581 1
1582 1
1583 1
1584 1
1585 1
1586 1
1587 1
1588 1
1589 1
1590 1
1591 1
1592 1
1593 1
1594 1
1595 1
1596 1
1597 1
1598 1
1599 1
1600 1
1601 1
1602 1
1603 1
1604 1
1605 1
1606 1
1607 1
1608 1
1609 1
1610 1
1611 1
1612 1
1613 1
1614 1
1615 1
1616 1
1617 1
1618 1
1619 1
1620 1
1621 1
1622 1
1623 1
1624 1
1625 1
1626 1
1627 1
1628 1
1629 1
1630 1
1631 1
1632 1
1633 1
1634 1
1635 1
1636 1
1637 1
1638 1
1639 1
1640 1
1641 1
1642 1
1643 1
1644 1
1645 1
1646 1
1647 1
1648 1
1649 1
1650 1
1651 1
1652 1
1653 1
1654 1
1655 1
1656 1
1657 1
1658 1
1659 1
1660 1
1661 1
1662 1
1663 1
1664 1
1665 1
1666 1
1667 1
1668 1
1669 1
1670 1
1671 1
1672 1
1673 1
1674 1
1675 1
1676 1
0 19
1 19
2 19
3 19
4 19
5 19
6 19
7 19
8 19
9 19
10 19
11 19
12 19
13 19
14 19
15 19
16 19
17 19
18 19
19 19
20 19
21 19
22 19
23 19
24 19
25 19
26 19
27 19
28 19
29 19
30 19
31 19
32 19
33 19
34 19
35 19
36 19
37 19
38 19
39 19
40 19
41 19
42 19
43 19
44 19
45 19
46 19
47 19
48 19
49 19
50 19
51 19
52 19
53 19
54 19
55 19
56 19
57 19
58 19
59 19
60 19
61 19
62 19
63 19
64 19
65 19
66 19
67 19
68 19
69 19
70 19
71 19
72 19
73 19
74 19
75 19
76 19
77 19
78 19
79 19
80 19
81 19
82 19
83 19
84 19
85 19
86 19
87 19
88 19
89 19
90 19
91 19
92 19
93 19
94 19
95 19
96 19
97 19
98 19
99 19
100 19
101 19
102 19
103 19
104 19
105 19
106 19
107 19
108 19
109 19
110 19
111 19
112 19
113 19
114 19
115 19
116 19
117 19
118 19
119 19
120 19
121 19
122 19
123 19
124 19
125 19
126 19
127 19
128 19
129 18
130 18
131 18
132 18
133 18
134 18
135 18
136 18
137 18
138 18
139 18
140 18
141 18
142 18
143 18
144 18
145 18
146 18
147 18
148 18
149 18
150 18
151 18
152 18
153 18
154 18
155 18
156 18
157 18
158 18
159 18
160 18
161 18
162 18
163 18
164 18
165 18
166 18
167 18
168 18
169 18
170 18
171 18
172 18
173 18
174 18
175 18
176 18
177 18
178 18
179 18
180 18
181 18
182 18
183 18
184 18
185 18
186 18
187 18
188 18
189 18
190 18
191 18
192 18
193 18
194 18
195 18
196 18
197 18
198 18
199 18
200 18
201 18
202 18
203 18
204 18
205 18
206 18
207 18
208 18
209 18
210 18
211 18
212 18
213 18
214 18
215 18
216 18
217 18
218 18
219 18
220 18
221 18
222 18
223 18
224 18
225 18
226 18
227 18
228 18
229 18
230 18
231 18
232 18
233 18
234 18
235 18
236 18
237 18
238 18
239 18
240 18
241 18
242 18
243 18
244 18
245 18
246 18
247 18
248 18
249 18
250 18
251 18
252 18
253 18
254 18
255 18
256 18
257 18
258 3
259 3
260 3
261 3
262 3
263 3
264 3
265 3
266 3
267 3
268 3
269 3
270 3
271 3
272 3
273 3
274 3
275 3
276 3
277 3
278 3
279 3
280 3
281 3
282 3
283 3
284 3
285 3
286 3
287 3
288 3
289 3
290 3
291 3
292 3
293 3
294 3
295 3
296 3
297 3
298 3
299 3
300 3
301 3
302 3
303 3
304 3
305 3
306 3
307 3
308 3
309 3
310 3
311 3
312 3
313 3
314 3
315 3
316 3
317 3
318 3
319 3
320 3
321 3
322 3
323 3
324 3
325 3
326 3
327 3
328 3
329 3
330 3
331 3
332 3
333 3
334 3
335 3
336 3
337 3
338 3
339 3
340 3
341 3
342 3
343 3
344 3
345 3
346 3
347 3
348 3
349 3
350 3
351 3
352 3
353 3
354 3
355 3
356 3
357 3
358 3
359 3
360 3
361 3
362 3
363 3
364 3
365 3
366 3
367 3
368 3
369 3
370 3
371 3
372 3
373 3
374 3
375 3
376 3
377 3
378 3
379 3
380 3
381 3
382 3
383 3
384 3
385 3
386 3
387 8
388 8
389 8
390 8
391 8
392 8
393 8
394 8
395 8
396 8
397 8
398 8
399 8
400 8
401 8
402 8
403 8
404 8
405 8
406 8
407 8
408 8
409 8
410 8
411 8
412 8
413 8
414 8
415 8
416 8
417 8
418 8
419 8
420 8
421 8
422 8
423 8
424 8
425 8
426 8
427 8
428 8
429 8
430 8
431 8
432 8
433 8
434 8
435 8
436 8
437 8
438 8
439 8
440 8
441 8
442 8
443 8
444 8
445 8
446 8
447 8
448 8
449 8
450 8
451 8
452 8
453 8
454 8
455 8
456 8
457 8
458 8
459 8
460 8
461 8
462 8
463 8
464 8
465 8
466 8
467 8
468 8
469 8
470 8
471 8
472 8
473 8
474 8
475 8
476 8
477 8
478 8
479 8
480 8
481 8
482 8
483 8
484 8
485 8
486 8
487 8
488 8
489 8
490 8
491 8
492 8
493 8
494 8
495 8
496 8
497 8
498 8
499 8
500 8
501 8
502 8
503 8
504 8
505 8
506 8
507 8
508 8
509 8
510 8
511 8
512 8
513 8
514 8
515 8
516 8
517 8
518 8
519 8
520 8
521 8
522 8
523 8
524 8
525 8
526 8
527 8
528 8
529 8
530 8
531 8
532 8
533 8
534 8
535 8
536 8
537 8
538 8
539 8
540 8
541 8
542 8
543 8
544 8
545 8
546 8
547 8
548 8
549 8
550 8
551 8
552 8
553 8
554 8
555 8
556 8
557 8
558 8
559 8
560 8
561 8
562 8
563 8
564 8
565 8
566 8
567 8
568 8
569 8
570 8
571 8
572 8
573 8
574 8
575 8
576 8
577 8
578 8
579 8
580 8
581 8
582 8
583 8
584 8
585 8
586 8
587 8
588 8
589 8
590 8
591 8
592 8
593 8
594 8
595 8
596 8
597 8
598 8
599 8
600 8
601 8
602 8
603 8
604 8
605 8
606 8
607 8
608 8
609 8
610 8
611 8
612 8
613 8
614 8
615 8
616 8
617 8
618 8
619 8
620 8
621 8
622 8
623 8
624 8
625 8
626 8
627 8
628 8
629 8
630 8
631 8
632 8
633 8
634 8
635 8
636 8
637 8
638 8
639 8
640 8
641 8
642 8
643 8
644 8
0 12
0 47
0 108
0 225
0 267
0 382
0 514
0 587
0 635
1 13
1 48
1 109
1 226
1 268
1 383
1 515
1 588
1 636
2 14
2 49
2 110
2 227
2 269
2 384
2 473
2 589
2 637
3 15
3 50
3 111
3 228
3 270
3 385
3 474
3 590
3 638
4 16
4 51
4 112
4 229
4 271
4 386
4 475
4 591
4 639
5 17
5 52
5 113
5 230
5 272
5 344
5 476
5 592
5 640
6 18
6 53
6 114
6 231
6 273
6 345
6 477
6 593
6 641
7 19
7 54
7 115
7 232
7 274
7 346
7 478
7 594
7 642
8 20
8 55
8 116
8 233
8 275
8 347
8 479
8 595
8 643
9 21
9 56
9 117
9 234
9 276
9 348
9 480
9 596
9 644
10 22
10 57
10 118
10 235
10 277
10 349
10 481
10 597
10 602
11 23
11 58
11 119
11 236
11 278
11 350
11 482
11 598
11 603
12 24
12 59
12 120
12 237
12 279
12 351
12 483
12 599
12 604
13 25
13 60
13 121
13 238
13 280
13 352
13 484
13 600
13 605
14 26
14 61
14 122
14 239
14 281
14 353
14 485
14 601
14 606
15 27
15 62
15 123
15 240
15 282
15 354
15 486
15 559
15 607
16 28
16 63
16 124
16 241
16 283
16 355
16 487
16 560
16 608
17 29
17 64
17 125
17 242
17 284
17 356
17 488
17 561
17 609
18 30
18 65
18 126
18 243
18 285
18 357
18 489
18 562
18 610
19 31
19 66
19 127
19 244
19 286
19 358
19 490
19 563
19 611
20 32
20 67
20 128
20 245
20 287
20 359
20 491
20 564
20 612
21 33
21 68
21 86
21 246
21 288
21 360
21 492
21 565
21 613
22 34
22 69
22 87
22 247
22 289
22 361
22 493
22 566
22 614
23 35
23 70
23 88
23 248
23 290
23 362
23 494
23 567
23 615
24 36
24 71
24 89
24 249
24 291
24 363
24 495
24 568
24 616
25 37
25 72
25 90
25 250
25 292
25 364
25 496
25 569
25 617
26 38
26 73
26 91
26 251
26 293
26 365
26 497
26 570
26 618
27 39
27 74
27 92
27 252
27 294
27 366
27 498
27 571
27 619
28 40
28 75
28 93
28 253
28 295
28 367
28 499
28 572
28 620
29 41
29 76
29 94
29 254
29 296
29 368
29 500
29 573
29 621
30 42
30 77
30 95
30 255
30 297
30 369
30 501
30 574
30 622
31 0
31 78
31 96
31 256
31 298
31 370
31 502
31 575
31 623
32 1
32 79
32 97
32 257
32 299
32 371
32 503
32 576
32 624
33 2
33 80
33 98
33 215
33 300
33 372
33 504
33 577
33 625
34 3
34 81
34 99
34 216
34 258
34 373
34 505
34 578
34 626
35 4
35 82
35 100
35 217
35 259
35 374
35 506
35 579
35 627
36 5
36 83
36 101
36 218
36 260
36 375
36 507
36 580
36 628
37 6
37 84
37 102
37 219
37 261
37 376
37 508
37 581
37 629
38 7
38 85
38 103
38 220
38 262
38 377
38 509
38 582
38 630
39 8
39 43
39 104
39 221
39 263
39 378
39 510
39 583
39 631
40 9
40 44
40 105
40 222
40 264
40 379
40 511
40 584
40 632
41 10
41 45
41 106
41 223
41 265
41 380
41 512
41 585
41 633
42 11
42 46
42 107
42 224
42 266
42 381
42 513
42 586
42 634
43 32
43 62
43 104
43 162
43 300
43 311
43 414
43 529
43 611
44 33
44 63
44 105
44 163
44 258
44 312
44 415
44 530
44 612
45 34
45 64
45 106
45 164
45 259
45 313
45 416
45 531
45 613
46 35
46 65
46 107
46 165
46 260
46 314
46 417
46 532
46 614
47 36
47 66
47 108
47 166
47 261
47 315
47 418
47 533
47 615
48 37
48 67
48 109
48 167
48 262
48 316
48 419
48 534
48 616
49 38
49 68
49 110
49 168
49 263
49 317
49 420
49 535
49 617
50 39
50 69
50 111
50 169
50 264
50 318
50 421
50 536
50 618
51 40
51 70
51 112
51 170
51 265
51 319
51 422
51 537
51 619
52 41
52 71
52 113
52 171
52 266
52 320
52 423
52 538
52 620
53 42
53 72
53 114
53 129
53 267
53 321
53 424
53 539
53 621
54 0
54 73
54 115
54 130
54 268
54 322
54 425
54 540
54 622
55 1
55 74
55 116
55 131
55 269
55 323
55 426
55 541
55 623
56 2
56 75
56 117
56 132
56 270
56 324
56 427
56 542
56 624
57 3
57 76
57 118
57 133
57 271
57 325
57 428
57 543
57 625
58 4
58 77
58 119
58 134
58 272
58 326
58 429
58 544
58 626
59 5
59 78
59 120
59 135
59 273
59 327
59 387
59 545
59 627
60 6
60 79
60 121
60 136
60 274
60 328
60 388
60 546
60 628
61 7
61 80
61 122
61 137
61 275
61 329
61 389
61 547
61 629
62 8
62 81
62 123
62 138
62 276
62 330
62 390
62 548
62 630
63 9
63 82
63 124
63 139
63 277
63 331
63 391
63 549
63 631
64 10
64 83
64 125
64 140
64 278
64 332
64 392
64 550
64 632
65 11
65 84
65 126
65 141
65 279
65 333
65 393
65 551
65 633
66 12
66 85
66 127
66 142
66 280
66 334
66 394
66 552
66 634
67 13
67 43
67 128
67 143
67 281
67 335
67 395
67 553
67 635
68 14
68 44
68 86
68 144
68 282
68 336
68 396
68 554
68 636
69 15
69 45
69 87
69 145
69 283
69 337
69 397
69 555
69 637
70 16
70 46
70 88
70 146
70 284
70 338
70 398
70 556
70 638
71 17
71 47
71 89
71 147
71 285
71 339
71 399
71 557
71 639
72 18
72 48
72 90
72 148
72 286
72 340
72 400
72 558
72 640
73 19
73 49
73 91
73 149
73 287
73 341
73 401
73 516
73 641
74 20
74 50
74 92
74 150
74 288
74 342
74 402
74 517
74 642
75 21
75 51
75 93
75 151
75 289
75 343
75 403
75 518
75 643
76 22
76 52
76 94
76 152
76 290
76 301
76 404
76 519
76 644
77 23
77 53
77 95
77 153
77 291
77 302
77 405
77 520
77 602
78 24
78 54
78 96
78 154
78 292
78 303
78 406
78 521
78 603
79 25
79 55
79 97
79 155
79 293
79 304
79 407
79 522
79 604
80 26
80 56
80 98
80 156
80 294
80 305
80 408
80 523
80 605
81 27
81 57
81 99
81 157
81 295
81 306
81 409
81 524
81 606
82 28
82 58
82 100
82 158
82 296
82 307
82 410
82 525
82 607
83 29
83 59
83 101
83 159
83 297
83 308
83 411
83 526
83 608
84 30
84 60
84 102
84 160
84 298
84 309
84 412
84 527
84 609
85 31
85 61
85 103
85 161
85 299
85 310
85 413
85 528
85 610
86 36
86 43
86 97
86 179
86 318
86 360
86 470
86 544
86 574
87 37
87 44
87 98
87 180
87 319
87 361
87 471
87 545
87 575
88 38
88 45
88 99
88 181
88 320
88 362
88 472
88 546
88 576
89 39
89 46
89 100
89 182
89 321
89 363
89 430
89 547
89 577
90 40
90 47
90 101
90 183
90 322
90 364
90 431
90 548
90 578
91 41
91 48
91 102
91 184
91 323
91 365
91 432
91 549
91 579
92 42
92 49
92 103
92 185
92 324
92 366
92 433
92 550
92 580
93 0
93 50
93 104
93 186
93 325
93 367
93 434
93 551
93 581
94 1
94 51
94 105
94 187
94 326
94 368
94 435
94 552
94 582
95 2
95 52
95 106
95 188
95 327
95 369
95 436
95 553
95 583
96 3
96 53
96 107
96 189
96 328
96 370
96 437
96 554
96 584
97 4
97 54
97 108
97 190
97 329
97 371
97 438
97 555
97 585
98 5
98 55
98 109
98 191
98 330
98 372
98 439
98 556
98 586
99 6
99 56
99 110
99 192
99 331
99 373
99 440
99 557
99 587
100 7
100 57
100 111
100 193
100 332
100 374
100 441
100 558
100 588
101 8
101 58
101 112
101 194
101 333
101 375
101 442
101 516
101 589
102 9
102 59
102 113
102 195
102 334
102 376
102 443
102 517
102 590
103 10
103 60
103 114
103 196
103 335
103 377
103 444
103 518
103 591
104 11
104 61
104 115
104 197
104 336
104 378
104 445
104 519
104 592
105 12
105 62
105 116
105 198
105 337
105 379
105 446
105 520
105 593
106 13
106 63
106 117
106 199
106 338
106 380
106 447
106 521
106 594
107 14
107 64
107 118
107 200
107 339
107 381
107 448
107 522
107 595
108 15
108 65
108 119
108 201
108 340
108 382
108 449
108 523
108 596
109 16
109 66
109 120
109 202
109 341
109 383
109 450
109 524
109 597
110 17
110 67
110 121
110 203
110 342
110 384
110 451
110 525
110 598
111 18
111 68
111 122
111 204
111 343
111 385
111 452
111 526
111 599
112 19
112 69
112 123
112 205
112 301
112 386
112 453
112 527
112 600
113 20
113 70
113 124
113 206
113 302
113 344
113 454
113 528
113 601
114 21
114 71
114 125
114 207
114 303
114 345
114 455
114 529
114 559
115 22
115 72
115 126
115 208
115 304
115 346
115 456
115 530
115 560
116 23
116 73
116 127
116 209
116 305
116 347
116 457
116 531
116 561
117 24
117 74
117 128
117 210
117 306
117 348
117 458
117 532
117 562
118 25
118 75
118 86
118 211
118 307
118 349
118 459
118 533
118 563
119 26
119 76
119 87
119 212
119 308
119 350
119 460
119 534
119 564
120 27
120 77
120 88
120 213
120 309
120 351
120 461
120 535
120 565
121 28
121 78
121 89
121 214
121 310
121 352
121 462
121 536
121 566
122 29
122 79
122 90
122 172
122 311
122 353
122 463
122 537
122 567
123 30
123 80
123 91
123 173
123 312
123 354
123 464
123 538
123 568
124 31
124 81
124 92
124 174
124 313
124 355
124 465
124 539
124 569
125 32
125 82
125 93
125 175
125 314
125 356
125 466
125 540
125 570
126 33
126 83
126 94
126 176
126 315
126 357
126 467
126 541
126 571
127 34
127 84
127 95
127 177
127 316
127 358
127 468
127 542
127 572
128 35
128 85
128 96
128 178
128 317
128 359
128 469
128 543
128 573
129 38
129 54
129 105
129 200
129 465
129 532
130 39
130 55
130 106
130 201
130 466
130 533
131 40
131 56
131 107
131 202
131 467
131 534
132 41
132 57
132 108
132 203
132 468
132 535
133 42
133 58
133 109
133 204
133 469
133 536
134 0
134 59
134 110
134 205
134 470
134 537
135 1
135 60
135 111
135 206
135 471
135 538
136 2
136 61
136 112
136 207
136 472
136 539
137 3
137 62
137 113
137 208
137 430
137 540
138 4
138 63
138 114
138 209
138 431
138 541
139 5
139 64
139 115
139 210
139 432
139 542
140 6
140 65
140 116
140 211
140 433
140 543
141 7
141 66
141 117
141 212
141 434
141 544
142 8
142 67
142 118
142 213
142 435
142 545
143 9
143 68
143 119
143 214
143 436
143 546
144 10
144 69
144 120
144 172
144 437
144 547
145 11
145 70
145 121
145 173
145 438
145 548
146 12
146 71
146 122
146 174
146 439
146 549
147 13
147 72
147 123
147 175
147 440
147 550
148 14
148 73
148 124
148 176
148 441
148 551
149 15
149 74
149 125
149 177
149 442
149 552
150 16
150 75
150 126
150 178
150 443
150 553
151 17
151 76
151 127
151 179
151 444
151 554
152 18
152 77
152 128
152 180
152 445
152 555
153 19
153 78
153 86
153 181
153 446
153 556
154 20
154 79
154 87
154 182
154 447
154 557
155 21
155 80
155 88
155 183
155 448
155 558
156 22
156 81
156 89
156 184
156 449
156 516
157 23
157 82
157 90
157 185
157 450
157 517
158 24
158 83
158 91
158 186
158 451
158 518
159 25
159 84
159 92
159 187
159 452
159 519
160 26
160 85
160 93
160 188
160 453
160 520
161 27
161 43
161 94
161 189
161 454
161 521
162 28
162 44
162 95
162 190
162 455
162 522
163 29
163 45
163 96
163 191
163 456
163 523
164 30
164 46
164 97
164 192
164 457
164 524
165 31
165 47
165 98
165 193
165 458
165 525
166 32
166 48
166 99
166 194
166 459
166 526
167 33
167 49
167 100
167 195
167 460
167 527
168 34
168 50
168 101
168 196
168 461
168 528
169 35
169 51
169 102
169 197
169 462
169 529
170 36
170 52
170 103
170 198
170 463
170 530
171 37
171 53
171 104
171 199
171 464
171 531
172 23
172 79
172 110
172 255
172 491
172 570
173 24
173 80
173 111
173 256
173 492
173 571
174 25
174 81
174 112
174 257
174 493
174 572
175 26
175 82
175 113
175 215
175 494
175 573
176 27
176 83
176 114
176 216
176 495
176 574
177 28
177 84
177 115
177 217
177 496
177 575
178 29
178 85
178 116
178 218
178 497
178 576
179 30
179 43
179 117
179 219
179 498
179 577
180 31
180 44
180 118
180 220
180 499
180 578
181 32
181 45
181 119
181 221
181 500
181 579
182 33
182 46
182 120
182 222
182 501
182 580
183 34
183 47
183 121
183 223
183 502
183 581
184 35
184 48
184 122
184 224
184 503
184 582
185 36
185 49
185 123
185 225
185 504
185 583
186 37
186 50
186 124
186 226
186 505
186 584
187 38
187 51
187 125
187 227
187 506
187 585
188 39
188 52
188 126
188 228
188 507
188 586
189 40
189 53
189 127
189 229
189 508
189 587
190 41
190 54
190 128
190 230
190 509
190 588
191 42
191 55
191 86
191 231
191 510
191 589
192 0
192 56
192 87
192 232
192 511
192 590
193 1
193 57
193 88
193 233
193 512
193 591
194 2
194 58
194 89
194 234
194 513
194 592
195 3
195 59
195 90
195 235
195 514
195 593
196 4
196 60
196 91
196 236
196 515
196 594
197 5
197 61
197 92
197 237
197 473
197 595
198 6
198 62
198 93
198 238
198 474
198 596
199 7
199 63
199 94
199 239
199 475
199 597
200 8
200 64
200 95
200 240
200 476
200 598
201 9
201 65
201 96
201 241
201 477
201 599
202 10
202 66
202 97
202 242
202 478
202 600
203 11
203 67
203 98
203 243
203 479
203 601
204 12
204 68
204 99
204 244
204 480
204 559
205 13
205 69
205 100
205 245
205 481
205 560
206 14
206 70
206 101
206 246
206 482
206 561
207 15
207 71
207 102
207 247
207 483
207 562
208 16
208 72
208 103
208 248
208 484
208 563
209 17
209 73
209 104
209 249
209 485
209 564
210 18
210 74
210 105
210 250
210 486
210 565
211 19
211 75
211 106
211 251
211 487
211 566
212 20
212 76
212 107
212 252
212 488
212 567
213 21
213 77
213 108
213 253
213 489
213 568
214 22
214 78
214 109
214 254
214 490
214 569
215 12
215 67
215 112
215 131
215 409
215 637
216 13
216 68
216 113
216 132
216 410
216 638
217 14
217 69
217 114
217 133
217 411
217 639
218 15
218 70
218 115
218 134
218 412
218 640
219 16
219 71
219 116
219 135
219 413
219 641
220 17
220 72
220 117
220 136
220 414
220 642
221 18
221 73
221 118
221 137
221 415
221 643
222 19
222 74
222 119
222 138
222 416
222 644
223 20
223 75
223 120
223 139
223 417
223 602
224 21
224 76
224 121
224 140
224 418
224 603
225 22
225 77
225 122
225 141
225 419
225 604
226 23
226 78
226 123
226 142
226 420
226 605
227 24
227 79
227 124
227 143
227 421
227 606
228 25
228 80
228 125
228 144
228 422
228 607
229 26
229 81
229 126
229 145
229 423
229 608
230 27
230 82
230 127
230 146
230 424
230 609
231 28
231 83
231 128
231 147
231 425
231 610
232 29
232 84
232 86
232 148
232 426
232 611
233 30
233 85
233 87
233 149
233 427
233 612
234 31
234 43
234 88
234 150
234 428
234 613
235 32
235 44
235 89
235 151
235 429
235 614
236 33
236 45
236 90
236 152
236 387
236 615
237 34
237 46
237 91
237 153
237 388
237 616
238 35
238 47
238 92
238 154
238 389
238 617
239 36
239 48
239 93
239 155
239 390
239 618
240 37
240 49
240 94
240 156
240 391
240 619
241 38
241 50
241 95
241 157
241 392
241 620
242 39
242 51
242 96
242 158
242 393
242 621
243 40
243 52
243 97
243 159
243 394
243 622
244 41
244 53
244 98
244 160
244 395
244 623
245 42
245 54
245 99
245 161
245 396
245 624
246 0
246 55
246 100
246 162
246 397
246 625
247 1
247 56
247 101
247 163
247 398
247 626
248 2
248 57
248 102
248 164
248 399
248 627
249 3
249 58
249 103
249 165
249 400
249 628
250 4
250 59
250 104
250 166
250 401
250 629
251 5
251 60
251 105
251 167
251 402
251 630
252 6
252 61
252 106
252 168
252 403
252 631
253 7
253 62
253 107
253 169
253 404
253 632
254 8
254 63
254 108
254 170
254 405
254 633
255 9
255 64
255 109
255 171
255 406
255 634
256 10
256 65
256 110
256 129
256 407
256 635
257 11
257 66
257 111
257 130
257 408
257 636
258 0
258 80
258 97
258 139
258 499
258 561
259 1
259 81
259 98
259 140
259 500
259 562
260 2
260 82
260 99
260 141
260 501
260 563
261 3
261 83
261 100
261 142
261 502
261 564
262 4
262 84
262 101
262 143
262 503
262 565
263 5
263 85
263 102
263 144
263 504
263 566
264 6
264 43
264 103
264 145
264 505
264 567
265 7
265 44
265 104
265 146
265 506
265 568
266 8
266 45
266 105
266 147
266 507
266 569
267 9
267 46
267 106
267 148
267 508
267 570
268 10
268 47
268 107
268 149
268 509
268 571
269 11
269 48
269 108
269 150
269 510
269 572
270 12
270 49
270 109
270 151
270 511
270 573
271 13
271 50
271 110
271 152
271 512
271 574
272 14
272 51
272 111
272 153
272 513
272 575
273 15
273 52
273 112
273 154
273 514
273 576
274 16
274 53
274 113
274 155
274 515
274 577
275 17
275 54
275 114
275 156
275 473
275 578
276 18
276 55
276 115
276 157
276 474
276 579
277 19
277 56
277 116
277 158
277 475
277 580
278 20
278 57
278 117
278 159
278 476
278 581
279 21
279 58
279 118
279 160
279 477
279 582
280 22
280 59
280 119
280 161
280 478
280 583
281 23
281 60
281 120
281 162
281 479
281 584
282 24
282 61
282 121
282 163
282 480
282 585
283 25
283 62
283 122
283 164
283 481
283 586
284 26
284 63
284 123
284 165
284 482
284 587
285 27
285 64
285 124
285 166
285 483
285 588
286 28
286 65
286 125
286 167
286 484
286 589
287 29
287 66
287 126
287 168
287 485
287 590
288 30
288 67
288 127
288 169
288 486
288 591
289 31
289 68
289 128
289 170
289 487
289 592
290 32
290 69
290 86
290 171
290 488
290 593
291 33
291 70
291 87
291 129
291 489
291 594
292 34
292 71
292 88
292 130
292 490
292 595
293 35
293 72
293 89
293 131
293 491
293 596
294 36
294 73
294 90
294 132
294 492
294 597
295 37
295 74
295 91
295 133
295 493
295 598
296 38
296 75
296 92
296 134
296 494
296 599
297 39
297 76
297 93
297 135
297 495
297 600
298 40
298 77
298 94
298 136
298 496
298 601
299 41
299 78
299 95
299 137
299 497
299 559
300 42
300 79
300 96
300 138
300 498
300 560
301 29
301 43
301 122
301 194
301 400
301 644
302 30
302 44
302 123
302 195
302 401
302 602
303 31
303 45
303 124
303 196
303 402
303 603
304 32
304 46
304 125
304 197
304 403
304 604
305 33
305 47
305 126
305 198
305 404
305 605
306 34
306 48
306 127
306 199
306 405
306 606
307 35
307 49
307 128
307 200
307 406
307 607
308 36
308 50
308 86
308 201
308 407
308 608
309 37
309 51
309 87
309 202
309 408
309 609
310 38
310 52
310 88
310 203
310 409
310 610
311 39
311 53
311 89
311 204
311 410
311 611
312 40
312 54
312 90
312 205
312 411
312 612
313 41
313 55
313 91
313 206
313 412
313 613
314 42
314 56
314 92
314 207
314 413
314 614
315 0
315 57
315 93
315 208
315 414
315 615
316 1
316 58
316 94
316 209
316 415
316 616
317 2
317 59
317 95
317 210
317 416
317 617
318 3
318 60
318 96
318 211
318 417
318 618
319 4
319 61
319 97
319 212
319 418
319 619
320 5
320 62
320 98
320 213
320 419
320 620
321 6
321 63
321 99
321 214
321 420
321 621
322 7
322 64
322 100
322 172
322 421
322 622
323 8
323 65
323 101
323 173
323 422
323 623
324 9
324 66
324 102
324 174
324 423
324 624
325 10
325 67
325 103
325 175
325 424
325 625
326 11
326 68
326 104
326 176
326 425
326 626
327 12
327 69
327 105
327 177
327 426
327 627
328 13
328 70
328 106
328 178
328 427
328 628
329 14
329 71
329 107
329 179
329 428
329 629
330 15
330 72
330 108
330 180
330 429
330 630
331 16
331 73
331 109
331 181
331 387
331 631
332 17
332 74
332 110
332 182
332 388
332 632
333 18
333 75
333 111
333 183
333 389
333 633
334 19
334 76
334 112
334 184
334 390
334 634
335 20
335 77
335 113
335 185
335 391
335 635
336 21
336 78
336 114
336 186
336 392
336 636
337 22
337 79
337 115
337 187
337 393
337 637
338 23
338 80
338 116
338 188
338 394
338 638
339 24
339 81
339 117
339 189
339 395
339 639
340 25
340 82
340 118
340 190
340 396
340 640
341 26
341 83
341 119
341 191
341 397
341 641
342 27
342 84
342 120
342 192
342 398
342 642
343 28
343 85
343 121
343 193
343 399
343 643
344 8
344 66
344 100
344 226
344 459
344 556
345 9
345 67
345 101
345 227
345 460
345 557
346 10
346 68
346 102
346 228
346 461
346 558
347 11
347 69
347 103
347 229
347 462
347 516
348 12
348 70
348 104
348 230
348 463
348 517
349 13
349 71
349 105
349 231
349 464
349 518
350 14
350 72
350 106
350 232
350 465
350 519
351 15
351 73
351 107
351 233
351 466
351 520
352 16
352 74
352 108
352 234
352 467
352 521
353 17
353 75
353 109
353 235
353 468
353 522
354 18
354 76
354 110
354 236
354 469
354 523
355 19
355 77
355 111
355 237
355 470
355 524
356 20
356 78
356 112
356 238
356 471
356 525
357 21
357 79
357 113
357 239
357 472
357 526
358 22
358 80
358 114
358 240
358 430
358 527
359 23
359 81
359 115
359 241
359 431
359 528
360 24
360 82
360 116
360 242
360 432
360 529
361 25
361 83
361 117
361 243
361 433
361 530
362 26
362 84
362 118
362 244
362 434
362 531
363 27
363 85
363 119
363 245
363 435
363 532
364 28
364 43
364 120
364 246
364 436
364 533
365 29
365 44
365 121
365 247
365 437
365 534
366 30
366 45
366 122
366 248
366 438
366 535
367 31
367 46
367 123
367 249
367 439
367 536
368 32
368 47
368 124
368 250
368 440
368 537
369 33
369 48
369 125
369 251
369 441
369 538
370 34
370 49
370 126
370 252
370 442
370 539
371 35
371 50
371 127
371 253
371 443
371 540
372 36
372 51
372 128
372 254
372 444
372 541
373 37
373 52
373 86
373 255
373 445
373 542
374 38
374 53
374 87
374 256
374 446
374 543
375 39
375 54
375 88
375 257
375 447
375 544
376 40
376 55
376 89
376 215
376 448
376 545
377 41
377 56
377 90
377 216
377 449
377 546
378 42
378 57
378 91
378 217
378 450
378 547
379 0
379 58
379 92
379 218
379 451
379 548
380 1
380 59
380 93
380 219
380 452
380 549
381 2
381 60
381 94
381 220
381 453
381 550
382 3
382 61
382 95
382 221
382 454
382 551
383 4
383 62
383 96
383 222
383 455
383 552
384 5
384 63
384 97
384 223
384 456
384 553
385 6
385 64
385 98
385 224
385 457
385 554
386 7
386 65
386 99
386 225
386 458
386 555
387 18
387 56
387 103
387 159
387 397
387 591
388 19
388 57
388 104
388 160
388 398
388 592
389 20
389 58
389 105
389 161
389 399
389 593
390 21
390 59
390 106
390 162
390 400
390 594
391 22
391 60
391 107
391 163
391 401
391 595
392 23
392 61
392 108
392 164
392 402
392 596
393 24
393 62
393 109
393 165
393 403
393 597
394 25
394 63
394 110
394 166
394 404
394 598
395 26
395 64
395 111
395 167
395 405
395 599
396 27
396 65
396 112
396 168
396 406
396 600
397 28
397 66
397 113
397 169
397 407
397 601
398 29
398 67
398 114
398 170
398 408
398 559
399 30
399 68
399 115
399 171
399 409
399 560
400 31
400 69
400 116
400 129
400 410
400 561
401 32
401 70
401 117
401 130
401 411
401 562
402 33
402 71
402 118
402 131
402 412
402 563
403 34
403 72
403 119
403 132
403 413
403 564
404 35
404 73
404 120
404 133
404 414
404 565
405 36
405 74
405 121
405 134
405 415
405 566
406 37
406 75
406 122
406 135
406 416
406 567
407 38
407 76
407 123
407 136
407 417
407 568
408 39
408 77
408 124
408 137
408 418
408 569
409 40
409 78
409 125
409 138
409 419
409 570
410 41
410 79
410 126
410 139
410 420
410 571
411 42
411 80
411 127
411 140
411 421
411 572
412 0
412 81
412 128
412 141
412 422
412 573
413 1
413 82
413 86
413 142
413 423
413 574
414 2
414 83
414 87
414 143
414 424
414 575
415 3
415 84
415 88
415 144
415 425
415 576
416 4
416 85
416 89
416 145
416 426
416 577
417 5
417 43
417 90
417 146
417 427
417 578
418 6
418 44
418 91
418 147
418 428
418 579
419 7
419 45
419 92
419 148
419 429
419 580
420 8
420 46
420 93
420 149
420 387
420 581
421 9
421 47
421 94
421 150
421 388
421 582
422 10
422 48
422 95
422 151
422 389
422 583
423 11
423 49
423 96
423 152
423 390
423 584
424 12
424 50
424 97
424 153
424 391
424 585
425 13
425 51
425 98
425 154
425 392
425 586
426 14
426 52
426 99
426 155
426 393
426 587
427 15
427 53
427 100
427 156
427 394
427 588
428 16
428 54
428 101
428 157
428 395
428 589
429 17
429 55
429 102
429 158
429 396
429 590
430 22
430 74
430 120
430 211
430 438
430 626
431 23
431 75
431 121
431 212
431 439
431 627
432 24
432 76
432 122
432 213
432 440
432 628
433 25
433 77
433 123
433 214
433 441
433 629
434 26
434 78
434 124
434 172
434 442
434 630
435 27
435 79
435 125
435 173
435 443
435 631
436 28
436 80
436 126
436 174
436 444
436 632
437 29
437 81
437 127
437 175
437 445
437 633
438 30
438 82
438 128
438 176
438 446
438 634
439 31
439 83
439 86
439 177
439 447
439 635
440 32
440 84
440 87
440 178
440 448
440 636
441 33
441 85
441 88
441 179
441 449
441 637
442 34
442 43
442 89
442 180
442 450
442 638
443 35
443 44
443 90
443 181
443 451
443 639
444 36
444 45
444 91
444 182
444 452
444 640
445 37
445 46
445 92
445 183
445 453
445 641
446 38
446 47
446 93
446 184
446 454
446 642
447 39
447 48
447 94
447 185
447 455
447 643
448 40
448 49
448 95
448 186
448 456
448 644
449 41
449 50
449 96
449 187
449 457
449 602
450 42
450 51
450 97
450 188
450 458
450 603
451 0
451 52
451 98
451 189
451 459
451 604
452 1
452 53
452 99
452 190
452 460
452 605
453 2
453 54
453 100
453 191
453 461
453 606
454 3
454 55
454 101
454 192
454 462
454 607
455 4
455 56
455 102
455 193
455 463
455 608
456 5
456 57
456 103
456 194
456 464
456 609
457 6
457 58
457 104
457 195
457 465
457 610
458 7
458 59
458 105
458 196
458 466
458 611
459 8
459 60
459 106
459 197
459 467
459 612
460 9
460 61
460 107
460 198
460 468
460 613
461 10
461 62
461 108
461 199
461 469
461 614
462 11
462 63
462 109
462 200
462 470
462 615
463 12
463 64
463 110
463 201
463 471
463 616
464 13
464 65
464 111
464 202
464 472
464 617
465 14
465 66
465 112
465 203
465 430
465 618
466 15
466 67
466 113
466 204
466 431
466 619
467 16
467 68
467 114
467 205
467 432
467 620
468 17
468 69
468 115
468 206
468 433
468 621
469 18
469 70
469 116
469 207
469 434
469 622
470 19
470 71
470 117
470 208
470 435
470 623
471 20
471 72
471 118
471 209
471 436
471 624
472 21
472 73
472 119
472 210
472 437
472 625
473 9
473 76
473 99
473 246
473 496
473 553
474 10
474 77
474 100
474 247
474 497
474 554
475 11
475 78
475 101
475 248
475 498
475 555
476 12
476 79
476 102
476 249
476 499
476 556
477 13
477 80
477 103
477 250
477 500
477 557
478 14
478 81
478 104
478 251
478 501
478 558
479 15
479 82
479 105
479 252
479 502
479 516
480 16
480 83
480 106
480 253
480 503
480 517
481 17
481 84
481 107
481 254
481 504
481 518
482 18
482 85
482 108
482 255
482 505
482 519
483 19
483 43
483 109
483 256
483 506
483 520
484 20
484 44
484 110
484 257
484 507
484 521
485 21
485 45
485 111
485 215
485 508
485 522
486 22
486 46
486 112
486 216
486 509
486 523
487 23
487 47
487 113
487 217
487 510
487 524
488 24
488 48
488 114
488 218
488 511
488 525
489 25
489 49
489 115
489 219
489 512
489 526
490 26
490 50
490 116
490 220
490 513
490 527
491 27
491 51
491 117
491 221
491 514
491 528
492 28
492 52
492 118
492 222
492 515
492 529
493 29
493 53
493 119
493 223
493 473
493 530
494 30
494 54
494 120
494 224
494 474
494 531
495 31
495 55
495 121
495 225
495 475
495 532
496 32
496 56
496 122
496 226
496 476
496 533
497 33
497 57
497 123
497 227
497 477
497 534
498 34
498 58
498 124
498 228
498 478
498 535
499 35
499 59
499 125
499 229
499 479
499 536
500 36
500 60
500 126
500 230
500 480
500 537
501 37
501 61
501 127
501 231
501 481
501 538
502 38
502 62
502 128
502 232
502 482
502 539
503 39
503 63
503 86
503 233
503 483
503 540
504 40
504 64
504 87
504 234
504 484
504 541
505 41
505 65
505 88
505 235
505 485
505 542
506 42
506 66
506 89
506 236
506 486
506 543
507 0
507 67
507 90
507 237
507 487
507 544
508 1
508 68
508 91
508 238
508 488
508 545
509 2
509 69
509 92
509 239
509 489
509 546
510 3
510 70
510 93
510 240
510 490
510 547
511 4
511 71
511 94
511 241
511 491
511 548
512 5
512 72
512 95
512 242
512 492
512 549
513 6
513 73
513 96
513 243
513 493
513 550
514 7
514 74
514 97
514 244
514 494
514 551
515 8
515 75
515 98
515 245
515 495
515 552
516 58
516 154
516 186
516 248
516 418
516 537
517 59
517 155
517 187
517 249
517 419
517 538
518 60
518 156
518 188
518 250
518 420
518 539
519 61
519 157
519 189
519 251
519 421
519 540
520 62
520 158
520 190
520 252
520 422
520 541
521 63
521 159
521 191
521 253
521 423
521 542
522 64
522 160
522 192
522 254
522 424
522 543
523 65
523 161
523 193
523 255
523 425
523 544
524 66
524 162
524 194
524 256
524 426
524 545
525 67
525 163
525 195
525 257
525 427
525 546
526 68
526 164
526 196
526 215
526 428
526 547
527 69
527 165
527 197
527 216
527 429
527 548
528 70
528 166
528 198
528 217
528 387
528 549
529 71
529 167
529 199
529 218
529 388
529 550
530 72
530 168
530 200
530 219
530 389
530 551
531 73
531 169
531 201
531 220
531 390
531 552
532 74
532 170
532 202
532 221
532 391
532 553
533 75
533 171
533 203
533 222
533 392
533 554
534 76
534 129
534 204
534 223
534 393
534 555
535 77
535 130
535 205
535 224
535 394
535 556
536 78
536 131
536 206
536 225
536 395
536 557
537 79
537 132
537 207
537 226
537 396
537 558
538 80
538 133
538 208
538 227
538 397
538 516
539 81
539 134
539 209
539 228
539 398
539 517
540 82
540 135
540 210
540 229
540 399
540 518
541 83
541 136
541 211
541 230
541 400
541 519
542 84
542 137
542 212
542 231
542 401
542 520
543 85
543 138
543 213
543 232
543 402
543 521
544 43
544 139
544 214
544 233
544 403
544 522
545 44
545 140
545 172
545 234
545 404
545 523
546 45
546 141
546 173
546 235
546 405
546 524
547 46
547 142
547 174
547 236
547 406
547 525
548 47
548 143
548 175
548 237
548 407
548 526
549 48
549 144
549 176
549 238
549 408
549 527
550 49
550 145
550 177
550 239
550 409
550 528
551 50
551 146
551 178
551 240
551 410
551 529
552 51
552 147
552 179
552 241
552 411
552 530
553 52
553 148
553 180
553 242
553 412
553 531
554 53
554 149
554 181
554 243
554 413
554 532
555 54
555 150
555 182
555 244
555 414
555 533
556 55
556 151
556 183
556 245
556 415
556 534
557 56
557 152
557 184
557 246
557 416
557 535
558 57
558 153
558 185
558 247
558 417
558 536
559 100
559 159
559 187
559 215
559 472
559 585
560 101
560 160
560 188
560 216
560 430
560 586
561 102
561 161
561 189
561 217
561 431
561 587
562 103
562 162
562 190
562 218
562 432
562 588
563 104
563 163
563 191
563 219
563 433
563 589
564 105
564 164
564 192
564 220
564 434
564 590
565 106
565 165
565 193
565 221
565 435
565 591
566 107
566 166
566 194
566 222
566 436
566 592
567 108
567 167
567 195
567 223
567 437
567 593
568 109
568 168
568 196
568 224
568 438
568 594
569 110
569 169
569 197
569 225
569 439
569 595
570 111
570 170
570 198
570 226
570 440
570 596
571 112
571 171
571 199
571 227
571 441
571 597
572 113
572 129
572 200
572 228
572 442
572 598
573 114
573 130
573 201
573 229
573 443
573 599
574 115
574 131
574 202
574 230
574 444
574 600
575 116
575 132
575 203
575 231
575 445
575 601
576 117
576 133
576 204
576 232
576 446
576 559
577 118
577 134
577 205
577 233
577 447
577 560
578 119
578 135
578 206
578 234
578 448
578 561
579 120
579 136
579 207
579 235
579 449
579 562
580 121
580 137
580 208
580 236
580 450
580 563
581 122
581 138
581 209
581 237
581 451
581 564
582 123
582 139
582 210
582 238
582 452
582 565
583 124
583 140
583 211
583 239
583 453
583 566
584 125
584 141
584 212
584 240
584 454
584 567
585 126
585 142
585 213
585 241
585 455
585 568
586 127
586 143
586 214
586 242
586 456
586 569
587 128
587 144
587 172
587 243
587 457
587 570
588 86
588 145
588 173
588 244
588 458
588 571
589 87
589 146
589 174
589 245
589 459
589 572
590 88
590 147
590 175
590 246
590 460
590 573
591 89
591 148
591 176
591 247
591 461
591 574
592 90
592 149
592 177
592 248
592 462
592 575
593 91
593 150
593 178
593 249
593 463
593 576
594 92
594 151
594 179
594 250
594 464
594 577
595 93
595 152
595 180
595 251
595 465
595 578
596 94
596 153
596 181
596 252
596 466
596 579
597 95
597 154
597 182
597 253
597 467
597 580
598 96
598 155
598 183
598 254
598 468
598 581
599 97
599 156
599 184
599 255
599 469
599 582
600 98
600 157
600 185
600 256
600 470
600 583
601 99
601 158
601 186
601 257
601 471
601 584
602 35
602 138
602 214
602 231
602 501
602 612
603 36
603 139
603 172
603 232
603 502
603 613
604 37
604 140
604 173
604 233
604 503
604 614
605 38
605 141
605 174
605 234
605 504
605 615
606 39
606 142
606 175
606 235
606 505
606 616
607 40
607 143
607 176
607 236
607 506
607 617
608 41
608 144
608 177
608 237
608 507
608 618
609 42
609 145
609 178
609 238
609 508
609 619
610 0
610 146
610 179
610 239
610 509
610 620
611 1
611 147
611 180
611 240
611 510
611 621
612 2
612 148
612 181
612 241
612 511
612 622
613 3
613 149
613 182
613 242
613 512
613 623
614 4
614 150
614 183
614 243
614 513
614 624
615 5
615 151
615 184
615 244
615 514
615 625
616 6
616 152
616 185
616 245
616 515
616 626
617 7
617 153
617 186
617 246
617 473
617 627
618 8
618 154
618 187
618 247
618 474
618 628
619 9
619 155
619 188
619 248
619 475
619 629
620 10
620 156
620 189
620 249
620 476
620 630
621 11
621 157
621 190
621 250
621 477
621 631
622 12
622 158
622 191
622 251
622 478
622 632
623 13
623 159
623 192
623 252
623 479
623 633
624 14
624 160
624 193
624 253
624 480
624 634
625 15
625 161
625 194
625 254
625 481
625 635
626 16
626 162
626 195
626 255
626 482
626 636
627 17
627 163
627 196
627 256
627 483
627 637
628 18
628 164
628 197
628 257
628 484
628 638
629 19
629 165
629 198
629 215
629 485
629 639
630 20
630 166
630 199
630 216
630 486
630 640
631 21
631 167
631 200
631 217
631 487
631 641
632 22
632 168
632 201
632 218
632 488
632 642
633 23
633 169
633 202
633 219
633 489
633 643
634 24
634 170
634 203
634 220
634 490
634 644
635 25
635 171
635 204
635 221
635 491
635 602
636 26
636 129
636 205
636 222
636 492
636 603
637 27
637 130
637 206
637 223
637 493
637 604
638 28
638 131
638 207
638 224
638 494
638 605
639 29
639 132
639 208
639 225
639 495
639 606
640 30
640 133
640 209
640 226
640 496
640 607
641 31
641 134
641 210
641 227
641 497
641 608
642 32
642 135
642 211
642 228
642 498
642 609
643 33
643 136
643 212
643 229
643 499
643 610
644 34
644 137
644 213
644 230
644 500
644 611
645 42
645 132
645 205
645 235
645 491
645 520
646 0
646 133
646 206
646 236
646 492
646 521
647 1
647 134
647 207
647 237
647 493
647 522
648 2
648 135
648 208
648 238
648 494
648 523
649 3
649 136
649 209
649 239
649 495
649 524
650 4
650 137
650 210
650 240
650 496
650 525
651 5
651 138
651 211
651 241
651 497
651 526
652 6
652 139
652 212
652 242
652 498
652 527
653 7
653 140
653 213
653 243
653 499
653 528
654 8
654 141
654 214
654 244
654 500
654 529
655 9
655 142
655 172
655 245
655 501
655 530
656 10
656 143
656 173
656 246
656 502
656 531
657 11
657 144
657 174
657 247
657 503
657 532
658 12
658 145
658 175
658 248
658 504
658 533
659 13
659 146
659 176
659 249
659 505
659 534
660 14
660 147
660 177
660 250
660 506
660 535
661 15
661 148
661 178
661 251
661 507
661 536
662 16
662 149
662 179
662 252
662 508
662 537
663 17
663 150
663 180
663 253
663 509
663 538
664 18
664 151
664 181
664 254
664 510
664 539
665 19
665 152
665 182
665 255
665 511
665 540
666 20
666 153
666 183
666 256
666 512
666 541
667 21
667 154
667 184
667 257
667 513
667 542
668 22
668 155
668 185
668 215
668 514
668 543
669 23
669 156
669 186
669 216
669 515
669 544
670 24
670 157
670 187
670 217
670 473
670 545
671 25
671 158
671 188
671 218
671 474
671 546
672 26
672 159
672 189
672 219
672 475
672 547
673 27
673 160
673 190
673 220
673 476
673 548
674 28
674 161
674 191
674 221
674 477
674 549
675 29
675 162
675 192
675 222
675 478
675 550
676 30
676 163
676 193
676 223
676 479
676 551
677 31
677 164
677 194
677 224
677 480
677 552
678 32
678 165
678 195
678 225
678 481
678 553
679 33
679 166
679 196
679 226
679 482
679 554
680 34
680 167
680 197
680 227
680 483
680 555
681 35
681 168
681 198
681 228
681 484
681 556
682 36
682 169
682 199
682 229
682 485
682 557
683 37
683 170
683 200
683 230
683 486
683 558
684 38
684 171
684 201
684 231
684 487
684 516
685 39
685 129
685 202
685 232
685 488
685 517
686 40
686 130
686 203
686 233
686 489
686 518
687 41
687 131
687 204
687 234
687 490
687 519
688 57
688 154
688 204
688 242
688 408
688 594
689 58
689 155
689 205
689 243
689 409
689 595
690 59
690 156
690 206
690 244
690 410
690 596
691 60
691 157
691 207
691 245
691 411
691 597
692 61
692 158
692 208
692 246
692 412
692 598
693 62
693 159
693 209
693 247
693 413
693 599
694 63
694 160
694 210
694 248
694 414
694 600
695 64
695 161
695 211
695 249
695 415
695 601
696 65
696 162
696 212
696 250
696 416
696 559
697 66
697 163
697 213
697 251
697 417
697 560
698 67
698 164
698 214
698 252
698 418
698 561
699 68
699 165
699 172
699 253
699 419
699 562
700 69
700 166
700 173
700 254
700 420
700 563
701 70
701 167
701 174
701 255
701 421
701 564
702 71
702 168
702 175
702 256
702 422
702 565
703 72
703 169
703 176
703 257
703 423
703 566
704 73
704 170
704 177
704 215
704 424
704 567
705 74
705 171
705 178
705 216
705 425
705 568
706 75
706 129
706 179
706 217
706 426
706 569
707 76
707 130
707 180
707 218
707 427
707 570
708 77
708 131
708 181
708 219
708 428
708 571
709 78
709 132
709 182
709 220
709 429
709 572
710 79
710 133
710 183
710 221
710 387
710 573
711 80
711 134
711 184
711 222
711 388
711 574
712 81
712 135
712 185
712 223
712 389
712 575
713 82
713 136
713 186
713 224
713 390
713 576
714 83
714 137
714 187
714 225
714 391
714 577
715 84
715 138
715 188
715 226
715 392
715 578
716 85
716 139
716 189
716 227
716 393
716 579
717 43
717 140
717 190
717 228
717 394
717 580
718 44
718 141
718 191
718 229
718 395
718 581
719 45
719 142
719 192
719 230
719 396
719 582
720 46
720 143
720 193
720 231
720 397
720 583
721 47
721 144
721 194
721 232
721 398
721 584
722 48
722 145
722 195
722 233
722 399
722 585
723 49
723 146
723 196
723 234
723 400
723 586
724 50
724 147
724 197
724 235
724 401
724 587
725 51
725 148
725 198
725 236
725 402
725 588
726 52
726 149
726 199
726 237
726 403
726 589
727 53
727 150
727 200
727 238
727 404
727 590
728 54
728 151
728 201
728 239
728 405
728 591
729 55
729 152
729 202
729 240
729 406
729 592
730 56
730 153
730 203
730 241
730 407
730 593
731 120
731 161
731 208
731 223
731 447
731 603
732 121
732 162
732 209
732 224
732 448
732 604
733 122
733 163
733 210
733 225
733 449
733 605
734 123
734 164
734 211
734 226
734 450
734 606
735 124
735 165
735 212
735 227
735 451
735 607
736 125
736 166
736 213
736 228
736 452
736 608
737 126
737 167
737 214
737 229
737 453
737 609
738 127
738 168
738 172
738 230
738 454
738 610
739 128
739 169
739 173
739 231
739 455
739 611
740 86
740 170
740 174
740 232
740 456
740 612
741 87
741 171
741 175
741 233
741 457
741 613
742 88
742 129
742 176
742 234
742 458
742 614
743 89
743 130
743 177
743 235
743 459
743 615
744 90
744 131
744 178
744 236
744 460
744 616
745 91
745 132
745 179
745 237
745 461
745 617
746 92
746 133
746 180
746 238
746 462
746 618
747 93
747 134
747 181
747 239
747 463
747 619
748 94
748 135
748 182
748 240
748 464
748 620
749 95
749 136
749 183
749 241
749 465
749 621
750 96
750 137
750 184
750 242
750 466
750 622
751 97
751 138
751 185
751 243
751 467
751 623
752 98
752 139
752 186
752 244
752 468
752 624
753 99
753 140
753 187
753 245
753 469
753 625
754 100
754 141
754 188
754 246
754 470
754 626
755 101
755 142
755 189
755 247
755 471
755 627
756 102
756 143
756 190
756 248
756 472
756 628
757 103
757 144
757 191
757 249
757 430
757 629
758 104
758 145
758 192
758 250
758 431
758 630
759 105
759 146
759 193
759 251
759 432
759 631
760 106
760 147
760 194
760 252
760 433
760 632
761 107
761 148
761 195
761 253
761 434
761 633
762 108
762 149
762 196
762 254
762 435
762 634
763 109
763 150
763 197
763 255
763 436
763 635
764 110
764 151
764 198
764 256
764 437
764 636
765 111
765 152
765 199
765 257
765 438
765 637
766 112
766 153
766 200
766 215
766 439
766 638
767 113
767 154
767 201
767 216
767 440
767 639
768 114
768 155
768 202
768 217
768 441
768 640
769 115
769 156
769 203
769 218
769 442
769 641
770 116
770 157
770 204
770 219
770 443
770 642
771 117
771 158
771 205
771 220
771 444
771 643
772 118
772 159
772 206
772 221
772 445
772 644
773 119
773 160
773 207
773 222
773 446
773 602
774 16
774 161
774 210
774 246
775 17
775 162
775 211
775 247
776 18
776 163
776 212
776 248
777 19
777 164
777 213
777 249
778 20
778 165
778 214
778 250
779 21
779 166
779 172
779 251
780 22
780 167
780 173
780 252
781 23
781 168
781 174
781 253
782 24
782 169
782 175
782 254
783 25
783 170
783 176
783 255
784 26
784 171
784 177
784 256
785 27
785 129
785 178
785 257
786 28
786 130
786 179
786 215
787 29
787 131
787 180
787 216
788 30
788 132
788 181
788 217
789 31
789 133
789 182
789 218
790 32
790 134
790 183
790 219
791 33
791 135
791 184
791 220
792 34
792 136
792 185
792 221
793 35
793 137
793 186
793 222
794 36
794 138
794 187
794 223
795 37
795 139
795 188
795 224
796 38
796 140
796 189
796 225
797 39
797 141
797 190
797 226
798 40
798 142
798 191
798 227
799 41
799 143
799 192
799 228
800 42
800 144
800 193
800 229
801 0
801 145
801 194
801 230
802 1
802 146
802 195
802 231
803 2
803 147
803 196
803 232
804 3
804 148
804 197
804 233
805 4
805 149
805 198
805 234
806 5
806 150
806 199
806 235
807 6
807 151
807 200
807 236
808 7
808 152
808 201
808 237
809 8
809 153
809 202
809 238
810 9
810 154
810 203
810 239
811 10
811 155
811 204
811 240
812 11
812 156
812 205
812 241
813 12
813 157
813 206
813 242
814 13
814 158
814 207
814 243
815 14
815 159
815 208
815 244
816 15
816 160
816 209
816 245
817 53
817 138
817 191
817 236
818 54
818 139
818 192
818 237
819 55
819 140
819 193
819 238
820 56
820 141
820 194
820 239
821 57
821 142
821 195
821 240
822 58
822 143
822 196
822 241
823 59
823 144
823 197
823 242
824 60
824 145
824 198
824 243
825 61
825 146
825 199
825 244
826 62
826 147
826 200
826 245
827 63
827 148
827 201
827 246
828 64
828 149
828 202
828 247
829 65
829 150
829 203
829 248
830 66
830 151
830 204
830 249
831 67
831 152
831 205
831 250
832 68
832 153
832 206
832 251
833 69
833 154
833 207
833 252
834 70
834 155
834 208
834 253
835 71
835 156
835 209
835 254
836 72
836 157
836 210
836 255
837 73
837 158
837 211
837 256
838 74
838 159
838 212
838 257
839 75
839 160
839 213
839 215
840 76
840 161
840 214
840 216
841 77
841 162
841 172
841 217
842 78
842 163
842 173
842 218
843 79
843 164
843 174
843 219
844 80
844 165
844 175
844 220
845 81
845 166
845 176
845 221
846 82
846 167
846 177
846 222
847 83
847 168
847 178
847 223
848 84
848 169
848 179
848 224
849 85
849 170
849 180
849 225
850 43
850 171
850 181
850 226
851 44
851 129
851 182
851 227
852 45
852 130
852 183
852 228
853 46
853 131
853 184
853 229
854 47
854 132
854 185
854 230
855 48
855 133
855 186
855 231
856 49
856 134
856 187
856 232
857 50
857 135
857 188
857 233
858 51
858 136
858 189
858 234
859 52
859 137
859 190
859 235
860 90
860 164
860 186
860 223
861 91
861 165
861 187
861 224
862 92
862 166
862 188
862 225
863 93
863 167
863 189
863 226
864 94
864 168
864 190
864 227
865 95
865 169
865 191
865 228
866 96
866 170
866 192
866 229
867 97
867 171
867 193
867 230
868 98
868 129
868 194
868 231
869 99
869 130
869 195
869 232
870 100
870 131
870 196
870 233
871 101
871 132
871 197
871 234
872 102
872 133
872 198
872 235
873 103
873 134
873 199
873 236
874 104
874 135
874 200
874 237
875 105
875 136
875 201
875 238
876 106
876 137
876 202
876 239
877 107
877 138
877 203
877 240
878 108
878 139
878 204
878 241
879 109
879 140
879 205
879 242
880 110
880 141
880 206
880 243
881 111
881 142
881 207
881 244
882 112
882 143
882 208
882 245
883 113
883 144
883 209
883 246
884 114
884 145
884 210
884 247
885 115
885 146
885 211
885 248
886 116
886 147
886 212
886 249
887 117
887 148
887 213
887 250
888 118
888 149
888 214
888 251
889 119
889 150
889 172
889 252
890 120
890 151
890 173
890 253
891 121
891 152
891 174
891 254
892 122
892 153
892 175
892 255
893 123
893 154
893 176
893 256
894 124
894 155
894 177
894 257
895 125
895 156
895 178
895 215
896 126
896 157
896 179
896 216
897 127
897 158
897 180
897 217
898 128
898 159
898 181
898 218
899 86
899 160
899 182
899 219
900 87
900 161
900 183
900 220
901 88
901 162
901 184
901 221
902 89
902 163
902 185
902 222
903 11
903 105
903 160
903 505
904 12
904 106
904 161
904 506
905 13
905 107
905 162
905 507
906 14
906 108
906 163
906 508
907 15
907 109
907 164
907 509
908 16
908 110
908 165
908 510
909 17
909 111
909 166
909 511
910 18
910 112
910 167
910 512
911 19
911 113
911 168
911 513
912 20
912 114
912 169
912 514
913 21
913 115
913 170
913 515
914 22
914 116
914 171
914 473
915 23
915 117
915 129
915 474
916 24
916 118
916 130
916 475
917 25
917 119
917 131
917 476
918 26
918 120
918 132
918 477
919 27
919 121
919 133
919 478
920 28
920 122
920 134
920 479
921 29
921 123
921 135
921 480
922 30
922 124
922 136
922 481
923 31
923 125
923 137
923 482
924 32
924 126
924 138
924 483
925 33
925 127
925 139
925 484
926 34
926 128
926 140
926 485
927 35
927 86
927 141
927 486
928 36
928 87
928 142
928 487
929 37
929 88
929 143
929 488
930 38
930 89
930 144
930 489
931 39
931 90
931 145
931 490
932 40
932 91
932 146
932 491
933 41
933 92
933 147
933 492
934 42
934 93
934 148
934 493
935 0
935 94
935 149
935 494
936 1
936 95
936 150
936 495
937 2
937 96
937 151
937 496
938 3
938 97
938 152
938 497
939 4
939 98
939 153
939 498
940 5
940 99
940 154
940 499
941 6
941 100
941 155
941 500
942 7
942 101
942 156
942 501
943 8
943 102
943 157
943 502
944 9
944 103
944 158
944 503
945 10
945 104
945 159
945 504
946 14
946 82
946 180
946 414
947 15
947 83
947 181
947 415
948 16
948 84
948 182
948 416
949 17
949 85
949 183
949 417
950 18
950 43
950 184
950 418
951 19
951 44
951 185
951 419
952 20
952 45
952 186
952 420
953 21
953 46
953 187
953 421
954 22
954 47
954 188
954 422
955 23
955 48
955 189
955 423
956 24
956 49
956 190
956 424
957 25
957 50
957 191
957 425
958 26
958 51
958 192
958 426
959 27
959 52
959 193
959 427
960 28
960 53
960 194
960 428
961 29
961 54
961 195
961 429
962 30
962 55
962 196
962 387
963 31
963 56
963 197
963 388
964 32
964 57
964 198
964 389
965 33
965 58
965 199
965 390
966 34
966 59
966 200
966 391
967 35
967 60
967 201
967 392
968 36
968 61
968 202
968 393
969 37
969 62
969 203
969 394
970 38
970 63
970 204
970 395
971 39
971 64
971 205
971 396
972 40
972 65
972 206
972 397
973 41
973 66
973 207
973 398
974 42
974 67
974 208
974 399
975 0
975 68
975 209
975 400
976 1
976 69
976 210
976 401
977 2
977 70
977 211
977 402
978 3
978 71
978 212
978 403
979 4
979 72
979 213
979 404
980 5
980 73
980 214
980 405
981 6
981 74
981 172
981 406
982 7
982 75
982 173
982 407
983 8
983 76
983 174
983 408
984 9
984 77
984 175
984 409
985 10
985 78
985 176
985 410
986 11
986 79
986 177
986 411
987 12
987 80
987 178
987 412
988 13
988 81
988 179
988 413
989 73
989 93
989 241
989 444
990 74
990 94
990 242
990 445
991 75
991 95
991 243
991 446
992 76
992 96
992 244
992 447
993 77
993 97
993 245
993 448
994 78
994 98
994 246
994 449
995 79
995 99
995 247
995 450
996 80
996 100
996 248
996 451
997 81
997 101
997 249
997 452
998 82
998 102
998 250
998 453
999 83
999 103
999 251
999 454
1000 84
1000 104
1000 252
1000 455
1001 85
1001 105
1001 253
1001 456
1002 43
1002 106
1002 254
1002 457
1003 44
1003 107
1003 255
1003 458
1004 45
1004 108
1004 256
1004 459
1005 46
1005 109
1005 257
1005 460
1006 47
1006 110
1006 215
1006 461
1007 48
1007 111
1007 216
1007 462
1008 49
1008 112
1008 217
1008 463
1009 50
1009 113
1009 218
1009 464
1010 51
1010 114
1010 219
1010 465
1011 52
1011 115
1011 220
1011 466
1012 53
1012 116
1012 221
1012 467
1013 54
1013 117
1013 222
1013 468
1014 55
1014 118
1014 223
1014 469
1015 56
1015 119
1015 224
1015 470
1016 57
1016 120
1016 225
1016 471
1017 58
1017 121
1017 226
1017 472
1018 59
1018 122
1018 227
1018 430
1019 60
1019 123
1019 228
1019 431
1020 61
1020 124
1020 229
1020 432
1021 62
1021 125
1021 230
1021 433
1022 63
1022 126
1022 231
1022 434
1023 64
1023 127
1023 232
1023 435
1024 65
1024 128
1024 233
1024 436
1025 66
1025 86
1025 234
1025 437
1026 67
1026 87
1026 235
1026 438
1027 68
1027 88
1027 236
1027 439
1028 69
1028 89
1028 237
1028 440
1029 70
1029 90
1029 238
1029 441
1030 71
1030 91
1030 239
1030 442
1031 72
1031 92
1031 240
1031 443
1032 22
1032 164
1032 227
1033 23
1033 165
1033 228
1034 24
1034 166
1034 229
1035 25
1035 167
1035 230
1036 26
1036 168
1036 231
1037 27
1037 169
1037 232
1038 28
1038 170
1038 233
1039 29
1039 171
1039 234
1040 30
1040 129
1040 235
1041 31
1041 130
1041 236
1042 32
1042 131
1042 237
1043 33
1043 132
1043 238
1044 34
1044 133
1044 239
1045 35
1045 134
1045 240
1046 36
1046 135
1046 241
1047 37
1047 136
1047 242
1048 38
1048 137
1048 243
1049 39
1049 138
1049 244
1050 40
1050 139
1050 245
1051 41
1051 140
1051 246
1052 42
1052 141
1052 247
1053 0
1053 142
1053 248
1054 1
1054 143
1054 249
1055 2
1055 144
1055 250
1056 3
1056 145
1056 251
1057 4
1057 146
1057 252
1058 5
1058 147
1058 253
1059 6
1059 148
1059 254
1060 7
1060 149
1060 255
1061 8
1061 150
1061 256
1062 9
1062 151
1062 257
1063 10
1063 152
1063 215
1064 11
1064 153
1064 216
1065 12
1065 154
1065 217
1066 13
1066 155
1066 218
1067 14
1067 156
1067 219
1068 15
1068 157
1068 220
1069 16
1069 158
1069 221
1070 17
1070 159
1070 222
1071 18
1071 160
1071 223
1072 19
1072 161
1072 224
1073 20
1073 162
1073 225
1074 21
1074 163
1074 226
1075 79
1075 130
1075 186
1076 80
1076 131
1076 187
1077 81
1077 132
1077 188
1078 82
1078 133
1078 189
1079 83
1079 134
1079 190
1080 84
1080 135
1080 191
1081 85
1081 136
1081 192
1082 43
1082 137
1082 193
1083 44
1083 138
1083 194
1084 45
1084 139
1084 195
1085 46
1085 140
1085 196
1086 47
1086 141
1086 197
1087 48
1087 142
1087 198
1088 49
1088 143
1088 199
1089 50
1089 144
1089 200
1090 51
1090 145
1090 201
1091 52
1091 146
1091 202
1092 53
1092 147
1092 203
1093 54
1093 148
1093 204
1094 55
1094 149
1094 205
1095 56
1095 150
1095 206
1096 57
1096 151
1096 207
1097 58
1097 152
1097 208
1098 59
1098 153
1098 209
1099 60
1099 154
1099 210
1100 61
1100 155
1100 211
1101 62
1101 156
1101 212
1102 63
1102 157
1102 213
1103 64
1103 158
1103 214
1104 65
1104 159
1104 172
1105 66
1105 160
1105 173
1106 67
1106 161
1106 174
1107 68
1107 162
1107 175
1108 69
1108 163
1108 176
1109 70
1109 164
1109 177
1110 71
1110 165
1110 178
1111 72
1111 166
1111 179
1112 73
1112 167
1112 180
1113 74
1113 168
1113 181
1114 75
1114 169
1114 182
1115 76
1115 170
1115 183
1116 77
1116 171
1116 184
1117 78
1117 129
1117 185
1118 95
1118 184
1118 232
1119 96
1119 185
1119 233
1120 97
1120 186
1120 234
1121 98
1121 187
1121 235
1122 99
1122 188
1122 236
1123 100
1123 189
1123 237
1124 101
1124 190
1124 238
1125 102
1125 191
1125 239
1126 103
1126 192
1126 240
1127 104
1127 193
1127 241
1128 105
1128 194
1128 242
1129 106
1129 195
1129 243
1130 107
1130 196
1130 244
1131 108
1131 197
1131 245
1132 109
1132 198
1132 246
1133 110
1133 199
1133 247
1134 111
1134 200
1134 248
1135 112
1135 201
1135 249
1136 113
1136 202
1136 250
1137 114
1137 203
1137 251
1138 115
1138 204
1138 252
1139 116
1139 205
1139 253
1140 117
1140 206
1140 254
1141 118
1141 207
1141 255
1142 119
1142 208
1142 256
1143 120
1143 209
1143 257
1144 121
1144 210
1144 215
1145 122
1145 211
1145 216
1146 123
1146 212
1146 217
1147 124
1147 213
1147 218
1148 125
1148 214
1148 219
1149 126
1149 172
1149 220
1150 127
1150 173
1150 221
1151 128
1151 174
1151 222
1152 86
1152 175
1152 223
1153 87
1153 176
1153 224
1154 88
1154 177
1154 225
1155 89
1155 178
1155 226
1156 90
1156 179
1156 227
1157 91
1157 180
1157 228
1158 92
1158 181
1158 229
1159 93
1159 182
1159 230
1160 94
1160 183
1160 231
1161 87
1161 163
1161 252
1162 88
1162 164
1162 253
1163 89
1163 165
1163 254
1164 90
1164 166
1164 255
1165 91
1165 167
1165 256
1166 92
1166 168
1166 257
1167 93
1167 169
1167 215
1168 94
1168 170
1168 216
1169 95
1169 171
1169 217
1170 96
1170 129
1170 218
1171 97
1171 130
1171 219
1172 98
1172 131
1172 220
1173 99
1173 132
1173 221
1174 100
1174 133
1174 222
1175 101
1175 134
1175 223
1176 102
1176 135
1176 224
1177 103
1177 136
1177 225
1178 104
1178 137
1178 226
1179 105
1179 138
1179 227
1180 106
1180 139
1180 228
1181 107
1181 140
1181 229
1182 108
1182 141
1182 230
1183 109
1183 142
1183 231
1184 110
1184 143
1184 232
1185 111
1185 144
1185 233
1186 112
1186 145
1186 234
1187 113
1187 146
1187 235
1188 114
1188 147
1188 236
1189 115
1189 148
1189 237
1190 116
1190 149
1190 238
1191 117
1191 150
1191 239
1192 118
1192 151
1192 240
1193 119
1193 152
1193 241
1194 120
1194 153
1194 242
1195 121
1195 154
1195 243
1196 122
1196 155
1196 244
1197 123
1197 156
1197 245
1198 124
1198 157
1198 246
1199 125
1199 158
1199 247
1200 126
1200 159
1200 248
1201 127
1201 160
1201 249
1202 128
1202 161
1202 250
1203 86
1203 162
1203 251
1204 38
1204 129
1204 180
1205 39
1205 130
1205 181
1206 40
1206 131
1206 182
1207 41
1207 132
1207 183
1208 42
1208 133
1208 184
1209 0
1209 134
1209 185
1210 1
1210 135
1210 186
1211 2
1211 136
1211 187
1212 3
1212 137
1212 188
1213 4
1213 138
1213 189
1214 5
1214 139
1214 190
1215 6
1215 140
1215 191
1216 7
1216 141
1216 192
1217 8
1217 142
1217 193
1218 9
1218 143
1218 194
1219 10
1219 144
1219 195
1220 11
1220 145
1220 196
1221 12
1221 146
1221 197
1222 13
1222 147
1222 198
1223 14
1223 148
1223 199
1224 15
1224 149
1224 200
1225 16
1225 150
1225 201
1226 17
1226 151
1226 202
1227 18
1227 152
1227 203
1228 19
1228 153
1228 204
1229 20
1229 154
1229 205
1230 21
1230 155
1230 206
1231 22
1231 156
1231 207
1232 23
1232 157
1232 208
1233 24
1233 158
1233 209
1234 25
1234 159
1234 210
1235 26
1235 160
1235 211
1236 27
1236 161
1236 212
1237 28
1237 162
1237 213
1238 29
1238 163
1238 214
1239 30
1239 164
1239 172
1240 31
1240 165
1240 173
1241 32
1241 166
1241 174
1242 33
1242 167
1242 175
1243 34
1243 168
1243 176
1244 35
1244 169
1244 177
1245 36
1245 170
1245 178
1246 37
1246 171
1246 179
1247 49
1247 191
1247 243
1248 50
1248 192
1248 244
1249 51
1249 193
1249 245
1250 52
1250 194
1250 246
1251 53
1251 195
1251 247
1252 54
1252 196
1252 248
1253 55
1253 197
1253 249
1254 56
1254 198
1254 250
1255 57
1255 199
1255 251
1256 58
1256 200
1256 252
1257 59
1257 201
1257 253
1258 60
1258 202
1258 254
1259 61
1259 203
1259 255
1260 62
1260 204
1260 256
1261 63
1261 205
1261 257
1262 64
1262 206
1262 215
1263 65
1263 207
1263 216
1264 66
1264 208
1264 217
1265 67
1265 209
1265 218
1266 68
1266 210
1266 219
1267 69
1267 211
1267 220
1268 70
1268 212
1268 221
1269 71
1269 213
1269 222
1270 72
1270 214
1270 223
1271 73
1271 172
1271 224
1272 74
1272 173
1272 225
1273 75
1273 174
1273 226
1274 76
1274 175
1274 227
1275 77
1275 176
1275 228
1276 78
1276 177
1276 229
1277 79
1277 178
1277 230
1278 80
1278 179
1278 231
1279 81
1279 180
1279 232
1280 82
1280 181
1280 233
1281 83
1281 182
1281 234
1282 84
1282 183
1282 235
1283 85
1283 184
1283 236
1284 43
1284 185
1284 237
1285 44
1285 186
1285 238
1286 45
1286 187
1286 239
1287 46
1287 188
1287 240
1288 47
1288 189
1288 241
1289 48
1289 190
1289 242
1290 302
1291 303
1292 304
1293 305
1294 306
1295 307
1296 308
1297 309
1298 310
1299 311
1300 312
1301 313
1302 314
1303 315
1304 316
1305 317
1306 318
1307 319
1308 320
1309 321
1310 322
1311 323
1312 324
1313 325
1314 326
1315 327
1316 328
1317 329
1318 330
1319 331
1320 332
1321 333
1322 334
1323 335
1324 336
1325 337
1326 338
1327 339
1328 340
1329 341
1330 342
1331 343
1332 301
1333 372
1334 373
1335 374
1336 375
1337 376
1338 377
1339 378
1340 379
1341 380
1342 381
1343 382
1344 383
1345 384
1346 385
1347 386
1348 344
1349 345
1350 346
1351 347
1352 348
1353 349
1354 350
1355 351
1356 352
1357 353
1358 354
1359 355
1360 356
1361 357
1362 358
1363 359
1364 360
1365 361
1366 362
1367 363
1368 364
1369 365
1370 366
1371 367
1372 368
1373 369
1374 370
1375 371
1376 265
1377 266
1378 267
1379 268
1380 269
1381 270
1382 271
1383 272
1384 273
1385 274
1386 275
1387 276
1388 277
1389 278
1390 279
1391 280
1392 281
1393 282
1394 283
1395 284
1396 285
1397 286
1398 287
1399 288
1400 289
1401 290
1402 291
1403 292
1404 293
1405 294
1406 295
1407 296
1408 297
1409 298
1410 299
1411 300
1412 258
1413 259
1414 260
1415 261
1416 262
1417 263
1418 264
1419 467
1420 468
1421 469
1422 470
1423 471
1424 472
1425 430
1426 431
1427 432
1428 433
1429 434
1430 435
1431 436
1432 437
1433 438
1434 439
1435 440
1436 441
1437 442
1438 443
1439 444
1440 445
1441 446
1442 447
1443 448
1444 449
1445 450
1446 451
1447 452
1448 453
1449 454
1450 455
1451 456
1452 457
1453 458
1454 459
1455 460
1456 461
1457 462
1458 463
1459 464
1460 465
1461 466
1462 501
1463 502
1464 503
1465 504
1466 505
1467 506
1468 507
1469 508
1470 509
1471 510
1472 511
1473 512
1474 513
1475 514
1476 515
1477 473
1478 474
1479 475
1480 476
1481 477
1482 478
1483 479
1484 480
1485 481
1486 482
1487 483
1488 484
1489 485
1490 486
1491 487
1492 488
1493 489
1494 490
1495 491
1496 492
1497 493
1498 494
1499 495
1500 496
1501 497
1502 498
1503 499
1504 500
1505 408
1506 409
1507 410
1508 411
1509 412
1510 413
1511 414
1512 415
1513 416
1514 417
1515 418
1516 419
1517 420
1518 421
1519 422
1520 423
1521 424
1522 425
1523 426
1524 427
1525 428
1526 429
1527 387
1528 388
1529 389
1530 390
1531 391
1532 392
1533 393
1534 394
1535 395
1536 396
1537 397
1538 398
1539 399
1540 400
1541 401
1542 402
1543 403
1544 404
1545 405
1546 406
1547 407
1548 571
1549 572
1550 573
1551 574
1552 575
1553 576
1554 577
1555 578
1556 579
1557 580
1558 581
1559 582
1560 583
1561 584
1562 585
1563 586
1564 587
1565 588
1566 589
1567 590
1568 591
1569 592
1570 593
1571 594
1572 595
1573 596
1574 597
1575 598
1576 599
1577 600
1578 601
1579 559
1580 560
1581 561
1582 562
1583 563
1584 564
1585 565
1586 566
1587 567
1588 568
1589 569
1590 570
1591 629
1592 630
1593 631
1594 632
1595 633
1596 634
1597 635
1598 636
1599 637
1600 638
1601 639
1602 640
1603 641
1604 642
1605 643
1606 644
1607 602
1608 603
1609 604
1610 605
1611 606
1612 607
1613 608
1614 609
1615 610
1616 611
1617 612
1618 613
1619 614
1620 615
1621 616
1622 617
1623 618
1624 619
1625 620
1626 621
1627 622
1628 623
1629 624
1630 625
1631 626
1632 627
1633 628
1634 523
1635 524
1636 525
1637 526
1638 527
1639 528
1640 529
1641 530
1642 531
1643 532
1644 533
1645 534
1646 535
1647 536
1648 537
1649 538
1650 539
1651 540
1652 541
1653 542
1654 543
1655 544
1656 545
1657 546
1658 547
1659 548
1660 549
1661 550
1662 551
1663 552
1664 553
1665 554
1666 555
1667 556
1668 557
1669 558
1670 516
1671 517
1672 518
1673 519
1674 520
1675 521
1676 522
