2640
1320
7920
3
6
0 3
1 3
2 3
3 3
4 3
5 3
6 3
7 3
8 3
9 3
10 3
11 3
12 3
13 3
14 3
15 3
16 3
17 3
18 3
19 3
20 3
21 3
22 3
23 3
24 3
25 3
26 3
27 3
28 3
29 3
30 3
31 3
32 3
33 3
34 3
35 3
36 3
37 3
38 3
39 3
40 3
41 3
42 3
43 3
44 3
45 3
46 3
47 3
48 3
49 3
50 3
51 3
52 3
53 3
54 3
55 3
56 3
57 3
58 3
59 3
60 3
61 3
62 3
63 3
64 3
65 3
66 3
67 3
68 3
69 3
70 3
71 3
72 3
73 3
74 3
75 3
76 3
77 3
78 3
79 3
80 3
81 3
82 3
83 3
84 3
85 3
86 3
87 3
88 3
89 3
90 3
91 3
92 3
93 3
94 3
95 3
96 3
97 3
98 3
99 3
100 3
101 3
102 3
103 3
104 3
105 3
106 3
107 3
108 3
109 3
110 3
111 3
112 3
113 3
114 3
115 3
116 3
117 3
118 3
119 3
120 3
121 3
122 3
123 3
124 3
125 3
126 3
127 3
128 3
129 3
130 3
131 3
132 3
133 3
134 3
135 3
136 3
137 3
138 3
139 3
140 3
141 3
142 3
143 3
144 3
145 3
146 3
147 3
148 3
149 3
150 3
151 3
152 3
153 3
154 3
155 3
156 3
157 3
158 3
159 3
160 3
161 3
162 3
163 3
164 3
165 3
166 3
167 3
168 3
169 3
170 3
171 3
172 3
173 3
174 3
175 3
176 3
177 3
178 3
179 3
180 3
181 3
182 3
183 3
184 3
185 3
186 3
187 3
188 3
189 3
190 3
191 3
192 3
193 3
194 3
195 3
196 3
197 3
198 3
199 3
200 3
201 3
202 3
203 3
204 3
205 3
206 3
207 3
208 3
209 3
210 3
211 3
212 3
213 3
214 3
215 3
216 3
217 3
218 3
219 3
220 3
221 3
222 3
223 3
224 3
225 3
226 3
227 3
228 3
229 3
230 3
231 3
232 3
233 3
234 3
235 3
236 3
237 3
238 3
239 3
240 3
241 3
242 3
243 3
244 3
245 3
246 3
247 3
248 3
249 3
250 3
251 3
252 3
253 3
254 3
255 3
256 3
257 3
258 3
259 3
260 3
261 3
262 3
263 3
264 3
265 3
266 3
267 3
268 3
269 3
270 3
271 3
272 3
273 3
274 3
275 3
276 3
277 3
278 3
279 3
280 3
281 3
282 3
283 3
284 3
285 3
286 3
287 3
288 3
289 3
290 3
291 3
292 3
293 3
294 3
295 3
296 3
297 3
298 3
299 3
300 3
301 3
302 3
303 3
304 3
305 3
306 3
307 3
308 3
309 3
310 3
311 3
312 3
313 3
314 3
315 3
316 3
317 3
318 3
319 3
320 3
321 3
322 3
323 3
324 3
325 3
326 3
327 3
328 3
329 3
330 3
331 3
332 3
333 3
334 3
335 3
336 3
337 3
338 3
339 3
340 3
341 3
342 3
343 3
344 3
345 3
346 3
347 3
348 3
349 3
350 3
351 3
352 3
353 3
354 3
355 3
356 3
357 3
358 3
359 3
360 3
361 3
362 3
363 3
364 3
365 3
366 3
367 3
368 3
369 3
370 3
371 3
372 3
373 3
374 3
375 3
376 3
377 3
378 3
379 3
380 3
381 3
382 3
383 3
384 3
385 3
386 3
387 3
388 3
389 3
390 3
391 3
392 3
393 3
394 3
395 3
396 3
397 3
398 3
399 3
400 3
401 3
402 3
403 3
404 3
405 3
406 3
407 3
408 3
409 3
410 3
411 3
412 3
413 3
414 3
415 3
416 3
417 3
418 3
419 3
420 3
421 3
422 3
423 3
424 3
425 3
426 3
427 3
428 3
429 3
430 3
431 3
432 3
433 3
434 3
435 3
436 3
437 3
438 3
439 3
440 3
441 3
442 3
443 3
444 3
445 3
446 3
447 3
448 3
449 3
450 3
451 3
452 3
453 3
454 3
455 3
456 3
457 3
458 3
459 3
460 3
461 3
462 3
463 3
464 3
465 3
466 3
467 3
468 3
469 3
470 3
471 3
472 3
473 3
474 3
475 3
476 3
477 3
478 3
479 3
480 3
481 3
482 3
483 3
484 3
485 3
486 3
487 3
488 3
489 3
490 3
491 3
492 3
493 3
494 3
495 3
496 3
497 3
498 3
499 3
500 3
501 3
502 3
503 3
504 3
505 3
506 3
507 3
508 3
509 3
510 3
511 3
512 3
513 3
514 3
515 3
516 3
517 3
518 3
519 3
520 3
521 3
522 3
523 3
524 3
525 3
526 3
527 3
528 3
529 3
530 3
531 3
532 3
533 3
534 3
535 3
536 3
537 3
538 3
539 3
540 3
541 3
542 3
543 3
544 3
545 3
546 3
547 3
548 3
549 3
550 3
551 3
552 3
553 3
554 3
555 3
556 3
557 3
558 3
559 3
560 3
561 3
562 3
563 3
564 3
565 3
566 3
567 3
568 3
569 3
570 3
571 3
572 3
573 3
574 3
575 3
576 3
577 3
578 3
579 3
580 3
581 3
582 3
583 3
584 3
585 3
586 3
587 3
588 3
589 3
590 3
591 3
592 3
593 3
594 3
595 3
596 3
597 3
598 3
599 3
600 3
601 3
602 3
603 3
604 3
605 3
606 3
607 3
608 3
609 3
610 3
611 3
612 3
613 3
614 3
615 3
616 3
617 3
618 3
619 3
620 3
621 3
622 3
623 3
624 3
625 3
626 3
627 3
628 3
629 3
630 3
631 3
632 3
633 3
634 3
635 3
636 3
637 3
638 3
639 3
640 3
641 3
642 3
643 3
644 3
645 3
646 3
647 3
648 3
649 3
650 3
651 3
652 3
653 3
654 3
655 3
656 3
657 3
658 3
659 3
660 3
661 3
662 3
663 3
664 3
665 3
666 3
667 3
668 3
669 3
670 3
671 3
672 3
673 3
674 3
675 3
676 3
677 3
678 3
679 3
680 3
681 3
682 3
683 3
684 3
685 3
686 3
687 3
688 3
689 3
690 3
691 3
692 3
693 3
694 3
695 3
696 3
697 3
698 3
699 3
700 3
701 3
702 3
703 3
704 3
705 3
706 3
707 3
708 3
709 3
710 3
711 3
712 3
713 3
714 3
715 3
716 3
717 3
718 3
719 3
720 3
721 3
722 3
723 3
724 3
725 3
726 3
727 3
728 3
729 3
730 3
731 3
732 3
733 3
734 3
735 3
736 3
737 3
738 3
739 3
740 3
741 3
742 3
743 3
744 3
745 3
746 3
747 3
748 3
749 3
750 3
751 3
752 3
753 3
754 3
755 3
756 3
757 3
758 3
759 3
760 3
761 3
762 3
763 3
764 3
765 3
766 3
767 3
768 3
769 3
770 3
771 3
772 3
773 3
774 3
775 3
776 3
777 3
778 3
779 3
780 3
781 3
782 3
783 3
784 3
785 3
786 3
787 3
788 3
789 3
790 3
791 3
792 3
793 3
794 3
795 3
796 3
797 3
798 3
799 3
800 3
801 3
802 3
803 3
804 3
805 3
806 3
807 3
808 3
809 3
810 3
811 3
812 3
813 3
814 3
815 3
816 3
817 3
818 3
819 3
820 3
821 3
822 3
823 3
824 3
825 3
826 3
827 3
828 3
829 3
830 3
831 3
832 3
833 3
834 3
835 3
836 3
837 3
838 3
839 3
840 3
841 3
842 3
843 3
844 3
845 3
846 3
847 3
848 3
849 3
850 3
851 3
852 3
853 3
854 3
855 3
856 3
857 3
858 3
859 3
860 3
861 3
862 3
863 3
864 3
865 3
866 3
867 3
868 3
869 3
870 3
871 3
872 3
873 3
874 3
875 3
876 3
877 3
878 3
879 3
880 3
881 3
882 3
883 3
884 3
885 3
886 3
887 3
888 3
889 3
890 3
891 3
892 3
893 3
894 3
895 3
896 3
897 3
898 3
899 3
900 3
901 3
902 3
903 3
904 3
905 3
906 3
907 3
908 3
909 3
910 3
911 3
912 3
913 3
914 3
915 3
916 3
917 3
918 3
919 3
920 3
921 3
922 3
923 3
924 3
925 3
926 3
927 3
928 3
929 3
930 3
931 3
932 3
933 3
934 3
935 3
936 3
937 3
938 3
939 3
940 3
941 3
942 3
943 3
944 3
945 3
946 3
947 3
948 3
949 3
950 3
951 3
952 3
953 3
954 3
955 3
956 3
957 3
958 3
959 3
960 3
961 3
962 3
963 3
964 3
965 3
966 3
967 3
968 3
969 3
970 3
971 3
972 3
973 3
974 3
975 3
976 3
977 3
978 3
979 3
980 3
981 3
982 3
983 3
984 3
985 3
986 3
987 3
988 3
989 3
990 3
991 3
992 3
993 3
994 3
995 3
996 3
997 3
998 3
999 3
1000 3
1001 3
1002 3
1003 3
1004 3
1005 3
1006 3
1007 3
1008 3
1009 3
1010 3
1011 3
1012 3
1013 3
1014 3
1015 3
1016 3
1017 3
1018 3
1019 3
1020 3
1021 3
1022 3
1023 3
1024 3
1025 3
1026 3
1027 3
1028 3
1029 3
1030 3
1031 3
1032 3
1033 3
1034 3
1035 3
1036 3
1037 3
1038 3
1039 3
1040 3
1041 3
1042 3
1043 3
1044 3
1045 3
1046 3
1047 3
1048 3
1049 3
1050 3
1051 3
1052 3
1053 3
1054 3
1055 3
1056 3
1057 3
1058 3
1059 3
1060 3
1061 3
1062 3
1063 3
1064 3
1065 3
1066 3
1067 3
1068 3
1069 3
1070 3
1071 3
1072 3
1073 3
1074 3
1075 3
1076 3
1077 3
1078 3
1079 3
1080 3
1081 3
1082 3
1083 3
1084 3
1085 3
1086 3
1087 3
1088 3
1089 3
1090 3
1091 3
1092 3
1093 3
1094 3
1095 3
1096 3
1097 3
1098 3
1099 3
1100 3
1101 3
1102 3
1103 3
1104 3
1105 3
1106 3
1107 3
1108 3
1109 3
1110 3
1111 3
1112 3
1113 3
1114 3
1115 3
1116 3
1117 3
1118 3
1119 3
1120 3
1121 3
1122 3
1123 3
1124 3
1125 3
1126 3
1127 3
1128 3
1129 3
1130 3
1131 3
1132 3
1133 3
1134 3
1135 3
1136 3
1137 3
1138 3
1139 3
1140 3
1141 3
1142 3
1143 3
1144 3
1145 3
1146 3
1147 3
1148 3
1149 3
1150 3
1151 3
1152 3
1153 3
1154 3
1155 3
1156 3
1157 3
1158 3
1159 3
1160 3
1161 3
1162 3
1163 3
1164 3
1165 3
1166 3
1167 3
1168 3
1169 3
1170 3
1171 3
1172 3
1173 3
1174 3
1175 3
1176 3
1177 3
1178 3
1179 3
1180 3
1181 3
1182 3
1183 3
1184 3
1185 3
1186 3
1187 3
1188 3
1189 3
1190 3
1191 3
1192 3
1193 3
1194 3
1195 3
1196 3
1197 3
1198 3
1199 3
1200 3
1201 3
1202 3
1203 3
1204 3
1205 3
1206 3
1207 3
1208 3
1209 3
1210 3
1211 3
1212 3
1213 3
1214 3
1215 3
1216 3
1217 3
1218 3
1219 3
1220 3
1221 3
1222 3
1223 3
1224 3
1225 3
1226 3
1227 3
1228 3
1229 3
1230 3
1231 3
1232 3
1233 3
1234 3
1235 3
1236 3
1237 3
1238 3
1239 3
1240 3
1241 3
1242 3
1243 3
1244 3
1245 3
1246 3
1247 3
1248 3
1249 3
1250 3
1251 3
1252 3
1253 3
1254 3
1255 3
1256 3
1257 3
1258 3
1259 3
1260 3
1261 3
1262 3
1263 3
1264 3
1265 3
1266 3
1267 3
1268 3
1269 3
1270 3
1271 3
1272 3
1273 3
1274 3
1275 3
1276 3
1277 3
1278 3
1279 3
1280 3
1281 3
1282 3
1283 3
1284 3
1285 3
1286 3
1287 3
1288 3
1289 3
1290 3
1291 3
1292 3
1293 3
1294 3
1295 3
1296 3
1297 3
1298 3
1299 3
1300 3
1301 3
1302 3
1303 3
1304 3
1305 3
1306 3
1307 3
1308 3
1309 3
1310 3
1311 3
1312 3
1313 3
1314 3
1315 3
1316 3
1317 3
1318 3
1319 3
1320 3
1321 3
1322 3
1323 3
1324 3
1325 3
1326 3
1327 3
1328 3
1329 3
1330 3
1331 3
1332 3
1333 3
1334 3
1335 3
1336 3
1337 3
1338 3
1339 3
1340 3
1341 3
1342 3
1343 3
1344 3
1345 3
1346 3
1347 3
1348 3
1349 3
1350 3
1351 3
1352 3
1353 3
1354 3
1355 3
1356 3
1357 3
1358 3
1359 3
1360 3
1361 3
1362 3
1363 3
1364 3
1365 3
1366 3
1367 3
1368 3
1369 3
1370 3
1371 3
1372 3
1373 3
1374 3
1375 3
1376 3
1377 3
1378 3
1379 3
1380 3
1381 3
1382 3
1383 3
1384 3
1385 3
1386 3
1387 3
1388 3
1389 3
1390 3
1391 3
1392 3
1393 3
1394 3
1395 3
1396 3
1397 3
1398 3
1399 3
1400 3
1401 3
1402 3
1403 3
1404 3
1405 3
1406 3
1407 3
1408 3
1409 3
1410 3
1411 3
1412 3
1413 3
1414 3
1415 3
1416 3
1417 3
1418 3
1419 3
1420 3
1421 3
1422 3
1423 3
1424 3
1425 3
1426 3
1427 3
1428 3
1429 3
1430 3
1431 3
1432 3
1433 3
1434 3
1435 3
1436 3
1437 3
1438 3
1439 3
1440 3
1441 3
1442 3
1443 3
1444 3
1445 3
1446 3
1447 3
1448 3
1449 3
1450 3
1451 3
1452 3
1453 3
1454 3
1455 3
1456 3
1457 3
1458 3
1459 3
1460 3
1461 3
1462 3
1463 3
1464 3
1465 3
1466 3
1467 3
1468 3
1469 3
1470 3
1471 3
1472 3
1473 3
1474 3
1475 3
1476 3
1477 3
1478 3
1479 3
1480 3
1481 3
1482 3
1483 3
1484 3
1485 3
1486 3
1487 3
1488 3
1489 3
1490 3
1491 3
1492 3
1493 3
1494 3
1495 3
1496 3
1497 3
1498 3
1499 3
1500 3
1501 3
1502 3
1503 3
1504 3
1505 3
1506 3
1507 3
1508 3
1509 3
1510 3
1511 3
1512 3
1513 3
1514 3
1515 3
1516 3
1517 3
1518 3
1519 3
1520 3
1521 3
1522 3
1523 3
1524 3
1525 3
1526 3
1527 3
1528 3
1529 3
1530 3
1531 3
1532 3
1533 3
1534 3
1535 3
1536 3
1537 3
1538 3
1539 3
1540 3
1541 3
1542 3
1543 3
1544 3
1545 3
1546 3
1547 3
1548 3
1549 3
1550 3
1551 3
1552 3
1553 3
1554 3
1555 3
1556 3
1557 3
1558 3
1559 3
1560 3
1561 3
1562 3
1563 3
1564 3
1565 3
1566 3
1567 3
1568 3
1569 3
1570 3
1571 3
1572 3
1573 3
1574 3
1575 3
1576 3
1577 3
1578 3
1579 3
1580 3
1581 3
1582 3
1583 3
1584 3
1585 3
1586 3
1587 3
1588 3
1589 3
1590 3
1591 3
1592 3
1593 3
1594 3
1595 3
1596 3
1597 3
1598 3
1599 3
1600 3
1601 3
1602 3
1603 3
1604 3
1605 3
1606 3
1607 3
1608 3
1609 3
1610 3
1611 3
1612 3
1613 3
1614 3
1615 3
1616 3
1617 3
1618 3
1619 3
1620 3
1621 3
1622 3
1623 3
1624 3
1625 3
1626 3
1627 3
1628 3
1629 3
1630 3
1631 3
1632 3
1633 3
1634 3
1635 3
1636 3
1637 3
1638 3
1639 3
1640 3
1641 3
1642 3
1643 3
1644 3
1645 3
1646 3
1647 3
1648 3
1649 3
1650 3
1651 3
1652 3
1653 3
1654 3
1655 3
1656 3
1657 3
1658 3
1659 3
1660 3
1661 3
1662 3
1663 3
1664 3
1665 3
1666 3
1667 3
1668 3
1669 3
1670 3
1671 3
1672 3
1673 3
1674 3
1675 3
1676 3
1677 3
1678 3
1679 3
1680 3
1681 3
1682 3
1683 3
1684 3
1685 3
1686 3
1687 3
1688 3
1689 3
1690 3
1691 3
1692 3
1693 3
1694 3
1695 3
1696 3
1697 3
1698 3
1699 3
1700 3
1701 3
1702 3
1703 3
1704 3
1705 3
1706 3
1707 3
1708 3
1709 3
1710 3
1711 3
1712 3
1713 3
1714 3
1715 3
1716 3
1717 3
1718 3
1719 3
1720 3
1721 3
1722 3
1723 3
1724 3
1725 3
1726 3
1727 3
1728 3
1729 3
1730 3
1731 3
1732 3
1733 3
1734 3
1735 3
1736 3
1737 3
1738 3
1739 3
1740 3
1741 3
1742 3
1743 3
1744 3
1745 3
1746 3
1747 3
1748 3
1749 3
1750 3
1751 3
1752 3
1753 3
1754 3
1755 3
1756 3
1757 3
1758 3
1759 3
1760 3
1761 3
1762 3
1763 3
1764 3
1765 3
1766 3
1767 3
1768 3
1769 3
1770 3
1771 3
1772 3
1773 3
1774 3
1775 3
1776 3
1777 3
1778 3
1779 3
1780 3
1781 3
1782 3
1783 3
1784 3
1785 3
1786 3
1787 3
1788 3
1789 3
1790 3
1791 3
1792 3
1793 3
1794 3
1795 3
1796 3
1797 3
1798 3
1799 3
1800 3
1801 3
1802 3
1803 3
1804 3
1805 3
1806 3
1807 3
1808 3
1809 3
1810 3
1811 3
1812 3
1813 3
1814 3
1815 3
1816 3
1817 3
1818 3
1819 3
1820 3
1821 3
1822 3
1823 3
1824 3
1825 3
1826 3
1827 3
1828 3
1829 3
1830 3
1831 3
1832 3
1833 3
1834 3
1835 3
1836 3
1837 3
1838 3
1839 3
1840 3
1841 3
1842 3
1843 3
1844 3
1845 3
1846 3
1847 3
1848 3
1849 3
1850 3
1851 3
1852 3
1853 3
1854 3
1855 3
1856 3
1857 3
1858 3
1859 3
1860 3
1861 3
1862 3
1863 3
1864 3
1865 3
1866 3
1867 3
1868 3
1869 3
1870 3
1871 3
1872 3
1873 3
1874 3
1875 3
1876 3
1877 3
1878 3
1879 3
1880 3
1881 3
1882 3
1883 3
1884 3
1885 3
1886 3
1887 3
1888 3
1889 3
1890 3
1891 3
1892 3
1893 3
1894 3
1895 3
1896 3
1897 3
1898 3
1899 3
1900 3
1901 3
1902 3
1903 3
1904 3
1905 3
1906 3
1907 3
1908 3
1909 3
1910 3
1911 3
1912 3
1913 3
1914 3
1915 3
1916 3
1917 3
1918 3
1919 3
1920 3
1921 3
1922 3
1923 3
1924 3
1925 3
1926 3
1927 3
1928 3
1929 3
1930 3
1931 3
1932 3
1933 3
1934 3
1935 3
1936 3
1937 3
1938 3
1939 3
1940 3
1941 3
1942 3
1943 3
1944 3
1945 3
1946 3
1947 3
1948 3
1949 3
1950 3
1951 3
1952 3
1953 3
1954 3
1955 3
1956 3
1957 3
1958 3
1959 3
1960 3
1961 3
1962 3
1963 3
1964 3
1965 3
1966 3
1967 3
1968 3
1969 3
1970 3
1971 3
1972 3
1973 3
1974 3
1975 3
1976 3
1977 3
1978 3
1979 3
1980 3
1981 3
1982 3
1983 3
1984 3
1985 3
1986 3
1987 3
1988 3
1989 3
1990 3
1991 3
1992 3
1993 3
1994 3
1995 3
1996 3
1997 3
1998 3
1999 3
2000 3
2001 3
2002 3
2003 3
2004 3
2005 3
2006 3
2007 3
2008 3
2009 3
2010 3
2011 3
2012 3
2013 3
2014 3
2015 3
2016 3
2017 3
2018 3
2019 3
2020 3
2021 3
2022 3
2023 3
2024 3
2025 3
2026 3
2027 3
2028 3
2029 3
2030 3
2031 3
2032 3
2033 3
2034 3
2035 3
2036 3
2037 3
2038 3
2039 3
2040 3
2041 3
2042 3
2043 3
2044 3
2045 3
2046 3
2047 3
2048 3
2049 3
2050 3
2051 3
2052 3
2053 3
2054 3
2055 3
2056 3
2057 3
2058 3
2059 3
2060 3
2061 3
2062 3
2063 3
2064 3
2065 3
2066 3
2067 3
2068 3
2069 3
2070 3
2071 3
2072 3
2073 3
2074 3
2075 3
2076 3
2077 3
2078 3
2079 3
2080 3
2081 3
2082 3
2083 3
2084 3
2085 3
2086 3
2087 3
2088 3
2089 3
2090 3
2091 3
2092 3
2093 3
2094 3
2095 3
2096 3
2097 3
2098 3
2099 3
2100 3
2101 3
2102 3
2103 3
2104 3
2105 3
2106 3
2107 3
2108 3
2109 3
2110 3
2111 3
2112 3
2113 3
2114 3
2115 3
2116 3
2117 3
2118 3
2119 3
2120 3
2121 3
2122 3
2123 3
2124 3
2125 3
2126 3
2127 3
2128 3
2129 3
2130 3
2131 3
2132 3
2133 3
2134 3
2135 3
2136 3
2137 3
2138 3
2139 3
2140 3
2141 3
2142 3
2143 3
2144 3
2145 3
2146 3
2147 3
2148 3
2149 3
2150 3
2151 3
2152 3
2153 3
2154 3
2155 3
2156 3
2157 3
2158 3
2159 3
2160 3
2161 3
2162 3
2163 3
2164 3
2165 3
2166 3
2167 3
2168 3
2169 3
2170 3
2171 3
2172 3
2173 3
2174 3
2175 3
2176 3
2177 3
2178 3
2179 3
2180 3
2181 3
2182 3
2183 3
2184 3
2185 3
2186 3
2187 3
2188 3
2189 3
2190 3
2191 3
2192 3
2193 3
2194 3
2195 3
2196 3
2197 3
2198 3
2199 3
2200 3
2201 3
2202 3
2203 3
2204 3
2205 3
2206 3
2207 3
2208 3
2209 3
2210 3
2211 3
2212 3
2213 3
2214 3
2215 3
2216 3
2217 3
2218 3
2219 3
2220 3
2221 3
2222 3
2223 3
2224 3
2225 3
2226 3
2227 3
2228 3
2229 3
2230 3
2231 3
2232 3
2233 3
2234 3
2235 3
2236 3
2237 3
2238 3
2239 3
2240 3
2241 3
2242 3
2243 3
2244 3
2245 3
2246 3
2247 3
2248 3
2249 3
2250 3
2251 3
2252 3
2253 3
2254 3
2255 3
2256 3
2257 3
2258 3
2259 3
2260 3
2261 3
2262 3
2263 3
2264 3
2265 3
2266 3
2267 3
2268 3
2269 3
2270 3
2271 3
2272 3
2273 3
2274 3
2275 3
2276 3
2277 3
2278 3
2279 3
2280 3
2281 3
2282 3
2283 3
2284 3
2285 3
2286 3
2287 3
2288 3
2289 3
2290 3
2291 3
2292 3
2293 3
2294 3
2295 3
2296 3
2297 3
2298 3
2299 3
2300 3
2301 3
2302 3
2303 3
2304 3
2305 3
2306 3
2307 3
2308 3
2309 3
2310 3
2311 3
2312 3
2313 3
2314 3
2315 3
2316 3
2317 3
2318 3
2319 3
2320 3
2321 3
2322 3
2323 3
2324 3
2325 3
2326 3
2327 3
2328 3
2329 3
2330 3
2331 3
2332 3
2333 3
2334 3
2335 3
2336 3
2337 3
2338 3
2339 3
2340 3
2341 3
2342 3
2343 3
2344 3
2345 3
2346 3
2347 3
2348 3
2349 3
2350 3
2351 3
2352 3
2353 3
2354 3
2355 3
2356 3
2357 3
2358 3
2359 3
2360 3
2361 3
2362 3
2363 3
2364 3
2365 3
2366 3
2367 3
2368 3
2369 3
2370 3
2371 3
2372 3
2373 3
2374 3
2375 3
2376 3
2377 3
2378 3
2379 3
2380 3
2381 3
2382 3
2383 3
2384 3
2385 3
2386 3
2387 3
2388 3
2389 3
2390 3
2391 3
2392 3
2393 3
2394 3
2395 3
2396 3
2397 3
2398 3
2399 3
2400 3
2401 3
2402 3
2403 3
2404 3
2405 3
2406 3
2407 3
2408 3
2409 3
2410 3
2411 3
2412 3
2413 3
2414 3
2415 3
2416 3
2417 3
2418 3
2419 3
2420 3
2421 3
2422 3
2423 3
2424 3
2425 3
2426 3
2427 3
2428 3
2429 3
2430 3
2431 3
2432 3
2433 3
2434 3
2435 3
2436 3
2437 3
2438 3
2439 3
2440 3
2441 3
2442 3
2443 3
2444 3
2445 3
2446 3
2447 3
2448 3
2449 3
2450 3
2451 3
2452 3
2453 3
2454 3
2455 3
2456 3
2457 3
2458 3
2459 3
2460 3
2461 3
2462 3
2463 3
2464 3
2465 3
2466 3
2467 3
2468 3
2469 3
2470 3
2471 3
2472 3
2473 3
2474 3
2475 3
2476 3
2477 3
2478 3
2479 3
2480 3
2481 3
2482 3
2483 3
2484 3
2485 3
2486 3
2487 3
2488 3
2489 3
2490 3
2491 3
2492 3
2493 3
2494 3
2495 3
2496 3
2497 3
2498 3
2499 3
2500 3
2501 3
2502 3
2503 3
2504 3
2505 3
2506 3
2507 3
2508 3
2509 3
2510 3
2511 3
2512 3
2513 3
2514 3
2515 3
2516 3
2517 3
2518 3
2519 3
2520 3
2521 3
2522 3
2523 3
2524 3
2525 3
2526 3
2527 3
2528 3
2529 3
2530 3
2531 3
2532 3
2533 3
2534 3
2535 3
2536 3
2537 3
2538 3
2539 3
2540 3
2541 3
2542 3
2543 3
2544 3
2545 3
2546 3
2547 3
2548 3
2549 3
2550 3
2551 3
2552 3
2553 3
2554 3
2555 3
2556 3
2557 3
2558 3
2559 3
2560 3
2561 3
2562 3
2563 3
2564 3
2565 3
2566 3
2567 3
2568 3
2569 3
2570 3
2571 3
2572 3
2573 3
2574 3
2575 3
2576 3
2577 3
2578 3
2579 3
2580 3
2581 3
2582 3
2583 3
2584 3
2585 3
2586 3
2587 3
2588 3
2589 3
2590 3
2591 3
2592 3
2593 3
2594 3
2595 3
2596 3
2597 3
2598 3
2599 3
2600 3
2601 3
2602 3
2603 3
2604 3
2605 3
2606 3
2607 3
2608 3
2609 3
2610 3
2611 3
2612 3
2613 3
2614 3
2615 3
2616 3
2617 3
2618 3
2619 3
2620 3
2621 3
2622 3
2623 3
2624 3
2625 3
2626 3
2627 3
2628 3
2629 3
2630 3
2631 3
2632 3
2633 3
2634 3
2635 3
2636 3
2637 3
2638 3
2639 3
0 6
1 6
2 6
3 6
4 6
5 6
6 6
7 6
8 6
9 6
10 6
11 6
12 6
13 6
14 6
15 6
16 6
17 6
18 6
19 6
20 6
21 6
22 6
23 6
24 6
25 6
26 6
27 6
28 6
29 6
30 6
31 6
32 6
33 6
34 6
35 6
36 6
37 6
38 6
39 6
40 6
41 6
42 6
43 6
44 6
45 6
46 6
47 6
48 6
49 6
50 6
51 6
52 6
53 6
54 6
55 6
56 6
57 6
58 6
59 6
60 6
61 6
62 6
63 6
64 6
65 6
66 6
67 6
68 6
69 6
70 6
71 6
72 6
73 6
74 6
75 6
76 6
77 6
78 6
79 6
80 6
81 6
82 6
83 6
84 6
85 6
86 6
87 6
88 6
89 6
90 6
91 6
92 6
93 6
94 6
95 6
96 6
97 6
98 6
99 6
100 6
101 6
102 6
103 6
104 6
105 6
106 6
107 6
108 6
109 6
110 6
111 6
112 6
113 6
114 6
115 6
116 6
117 6
118 6
119 6
120 6
121 6
122 6
123 6
124 6
125 6
126 6
127 6
128 6
129 6
130 6
131 6
132 6
133 6
134 6
135 6
136 6
137 6
138 6
139 6
140 6
141 6
142 6
143 6
144 6
145 6
146 6
147 6
148 6
149 6
150 6
151 6
152 6
153 6
154 6
155 6
156 6
157 6
158 6
159 6
160 6
161 6
162 6
163 6
164 6
165 6
166 6
167 6
168 6
169 6
170 6
171 6
172 6
173 6
174 6
175 6
176 6
177 6
178 6
179 6
180 6
181 6
182 6
183 6
184 6
185 6
186 6
187 6
188 6
189 6
190 6
191 6
192 6
193 6
194 6
195 6
196 6
197 6
198 6
199 6
200 6
201 6
202 6
203 6
204 6
205 6
206 6
207 6
208 6
209 6
210 6
211 6
212 6
213 6
214 6
215 6
216 6
217 6
218 6
219 6
220 6
221 6
222 6
223 6
224 6
225 6
226 6
227 6
228 6
229 6
230 6
231 6
232 6
233 6
234 6
235 6
236 6
237 6
238 6
239 6
240 6
241 6
242 6
243 6
244 6
245 6
246 6
247 6
248 6
249 6
250 6
251 6
252 6
253 6
254 6
255 6
256 6
257 6
258 6
259 6
260 6
261 6
262 6
263 6
264 6
265 6
266 6
267 6
268 6
269 6
270 6
271 6
272 6
273 6
274 6
275 6
276 6
277 6
278 6
279 6
280 6
281 6
282 6
283 6
284 6
285 6
286 6
287 6
288 6
289 6
290 6
291 6
292 6
293 6
294 6
295 6
296 6
297 6
298 6
299 6
300 6
301 6
302 6
303 6
304 6
305 6
306 6
307 6
308 6
309 6
310 6
311 6
312 6
313 6
314 6
315 6
316 6
317 6
318 6
319 6
320 6
321 6
322 6
323 6
324 6
325 6
326 6
327 6
328 6
329 6
330 6
331 6
332 6
333 6
334 6
335 6
336 6
337 6
338 6
339 6
340 6
341 6
342 6
343 6
344 6
345 6
346 6
347 6
348 6
349 6
350 6
351 6
352 6
353 6
354 6
355 6
356 6
357 6
358 6
359 6
360 6
361 6
362 6
363 6
364 6
365 6
366 6
367 6
368 6
369 6
370 6
371 6
372 6
373 6
374 6
375 6
376 6
377 6
378 6
379 6
380 6
381 6
382 6
383 6
384 6
385 6
386 6
387 6
388 6
389 6
390 6
391 6
392 6
393 6
394 6
395 6
396 6
397 6
398 6
399 6
400 6
401 6
402 6
403 6
404 6
405 6
406 6
407 6
408 6
409 6
410 6
411 6
412 6
413 6
414 6
415 6
416 6
417 6
418 6
419 6
420 6
421 6
422 6
423 6
424 6
425 6
426 6
427 6
428 6
429 6
430 6
431 6
432 6
433 6
434 6
435 6
436 6
437 6
438 6
439 6
440 6
441 6
442 6
443 6
444 6
445 6
446 6
447 6
448 6
449 6
450 6
451 6
452 6
453 6
454 6
455 6
456 6
457 6
458 6
459 6
460 6
461 6
462 6
463 6
464 6
465 6
466 6
467 6
468 6
469 6
470 6
471 6
472 6
473 6
474 6
475 6
476 6
477 6
478 6
479 6
480 6
481 6
482 6
483 6
484 6
485 6
486 6
487 6
488 6
489 6
490 6
491 6
492 6
493 6
494 6
495 6
496 6
497 6
498 6
499 6
500 6
501 6
502 6
503 6
504 6
505 6
506 6
507 6
508 6
509 6
510 6
511 6
512 6
513 6
514 6
515 6
516 6
517 6
518 6
519 6
520 6
521 6
522 6
523 6
524 6
525 6
526 6
527 6
528 6
529 6
530 6
531 6
532 6
533 6
534 6
535 6
536 6
537 6
538 6
539 6
540 6
541 6
542 6
543 6
544 6
545 6
546 6
547 6
548 6
549 6
550 6
551 6
552 6
553 6
554 6
555 6
556 6
557 6
558 6
559 6
560 6
561 6
562 6
563 6
564 6
565 6
566 6
567 6
568 6
569 6
570 6
571 6
572 6
573 6
574 6
575 6
576 6
577 6
578 6
579 6
580 6
581 6
582 6
583 6
584 6
585 6
586 6
587 6
588 6
589 6
590 6
591 6
592 6
593 6
594 6
595 6
596 6
597 6
598 6
599 6
600 6
601 6
602 6
603 6
604 6
605 6
606 6
607 6
608 6
609 6
610 6
611 6
612 6
613 6
614 6
615 6
616 6
617 6
618 6
619 6
620 6
621 6
622 6
623 6
624 6
625 6
626 6
627 6
628 6
629 6
630 6
631 6
632 6
633 6
634 6
635 6
636 6
637 6
638 6
639 6
640 6
641 6
642 6
643 6
644 6
645 6
646 6
647 6
648 6
649 6
650 6
651 6
652 6
653 6
654 6
655 6
656 6
657 6
658 6
659 6
660 6
661 6
662 6
663 6
664 6
665 6
666 6
667 6
668 6
669 6
670 6
671 6
672 6
673 6
674 6
675 6
676 6
677 6
678 6
679 6
680 6
681 6
682 6
683 6
684 6
685 6
686 6
687 6
688 6
689 6
690 6
691 6
692 6
693 6
694 6
695 6
696 6
697 6
698 6
699 6
700 6
701 6
702 6
703 6
704 6
705 6
706 6
707 6
708 6
709 6
710 6
711 6
712 6
713 6
714 6
715 6
716 6
717 6
718 6
719 6
720 6
721 6
722 6
723 6
724 6
725 6
726 6
727 6
728 6
729 6
730 6
731 6
732 6
733 6
734 6
735 6
736 6
737 6
738 6
739 6
740 6
741 6
742 6
743 6
744 6
745 6
746 6
747 6
748 6
749 6
750 6
751 6
752 6
753 6
754 6
755 6
756 6
757 6
758 6
759 6
760 6
761 6
762 6
763 6
764 6
765 6
766 6
767 6
768 6
769 6
770 6
771 6
772 6
773 6
774 6
775 6
776 6
777 6
778 6
779 6
780 6
781 6
782 6
783 6
784 6
785 6
786 6
787 6
788 6
789 6
790 6
791 6
792 6
793 6
794 6
795 6
796 6
797 6
798 6
799 6
800 6
801 6
802 6
803 6
804 6
805 6
806 6
807 6
808 6
809 6
810 6
811 6
812 6
813 6
814 6
815 6
816 6
817 6
818 6
819 6
820 6
821 6
822 6
823 6
824 6
825 6
826 6
827 6
828 6
829 6
830 6
831 6
832 6
833 6
834 6
835 6
836 6
837 6
838 6
839 6
840 6
841 6
842 6
843 6
844 6
845 6
846 6
847 6
848 6
849 6
850 6
851 6
852 6
853 6
854 6
855 6
856 6
857 6
858 6
859 6
860 6
861 6
862 6
863 6
864 6
865 6
866 6
867 6
868 6
869 6
870 6
871 6
872 6
873 6
874 6
875 6
876 6
877 6
878 6
879 6
880 6
881 6
882 6
883 6
884 6
885 6
886 6
887 6
888 6
889 6
890 6
891 6
892 6
893 6
894 6
895 6
896 6
897 6
898 6
899 6
900 6
901 6
902 6
903 6
904 6
905 6
906 6
907 6
908 6
909 6
910 6
911 6
912 6
913 6
914 6
915 6
916 6
917 6
918 6
919 6
920 6
921 6
922 6
923 6
924 6
925 6
926 6
927 6
928 6
929 6
930 6
931 6
932 6
933 6
934 6
935 6
936 6
937 6
938 6
939 6
940 6
941 6
942 6
943 6
944 6
945 6
946 6
947 6
948 6
949 6
950 6
951 6
952 6
953 6
954 6
955 6
956 6
957 6
958 6
959 6
960 6
961 6
962 6
963 6
964 6
965 6
966 6
967 6
968 6
969 6
970 6
971 6
972 6
973 6
974 6
975 6
976 6
977 6
978 6
979 6
980 6
981 6
982 6
983 6
984 6
985 6
986 6
987 6
988 6
989 6
990 6
991 6
992 6
993 6
994 6
995 6
996 6
997 6
998 6
999 6
1000 6
1001 6
1002 6
1003 6
1004 6
1005 6
1006 6
1007 6
1008 6
1009 6
1010 6
1011 6
1012 6
1013 6
1014 6
1015 6
1016 6
1017 6
1018 6
1019 6
1020 6
1021 6
1022 6
1023 6
1024 6
1025 6
1026 6
1027 6
1028 6
1029 6
1030 6
1031 6
1032 6
1033 6
1034 6
1035 6
1036 6
1037 6
1038 6
1039 6
1040 6
1041 6
1042 6
1043 6
1044 6
1045 6
1046 6
1047 6
1048 6
1049 6
1050 6
1051 6
1052 6
1053 6
1054 6
1055 6
1056 6
1057 6
1058 6
1059 6
1060 6
1061 6
1062 6
1063 6
1064 6
1065 6
1066 6
1067 6
1068 6
1069 6
1070 6
1071 6
1072 6
1073 6
1074 6
1075 6
1076 6
1077 6
1078 6
1079 6
1080 6
1081 6
1082 6
1083 6
1084 6
1085 6
1086 6
1087 6
1088 6
1089 6
1090 6
1091 6
1092 6
1093 6
1094 6
1095 6
1096 6
1097 6
1098 6
1099 6
1100 6
1101 6
1102 6
1103 6
1104 6
1105 6
1106 6
1107 6
1108 6
1109 6
1110 6
1111 6
1112 6
1113 6
1114 6
1115 6
1116 6
1117 6
1118 6
1119 6
1120 6
1121 6
1122 6
1123 6
1124 6
1125 6
1126 6
1127 6
1128 6
1129 6
1130 6
1131 6
1132 6
1133 6
1134 6
1135 6
1136 6
1137 6
1138 6
1139 6
1140 6
1141 6
1142 6
1143 6
1144 6
1145 6
1146 6
1147 6
1148 6
1149 6
1150 6
1151 6
1152 6
1153 6
1154 6
1155 6
1156 6
1157 6
1158 6
1159 6
1160 6
1161 6
1162 6
1163 6
1164 6
1165 6
1166 6
1167 6
1168 6
1169 6
1170 6
1171 6
1172 6
1173 6
1174 6
1175 6
1176 6
1177 6
1178 6
1179 6
1180 6
1181 6
1182 6
1183 6
1184 6
1185 6
1186 6
1187 6
1188 6
1189 6
1190 6
1191 6
1192 6
1193 6
1194 6
1195 6
1196 6
1197 6
1198 6
1199 6
1200 6
1201 6
1202 6
1203 6
1204 6
1205 6
1206 6
1207 6
1208 6
1209 6
1210 6
1211 6
1212 6
1213 6
1214 6
1215 6
1216 6
1217 6
1218 6
1219 6
1220 6
1221 6
1222 6
1223 6
1224 6
1225 6
1226 6
1227 6
1228 6
1229 6
1230 6
1231 6
1232 6
1233 6
1234 6
1235 6
1236 6
1237 6
1238 6
1239 6
1240 6
1241 6
1242 6
1243 6
1244 6
1245 6
1246 6
1247 6
1248 6
1249 6
1250 6
1251 6
1252 6
1253 6
1254 6
1255 6
1256 6
1257 6
1258 6
1259 6
1260 6
1261 6
1262 6
1263 6
1264 6
1265 6
1266 6
1267 6
1268 6
1269 6
1270 6
1271 6
1272 6
1273 6
1274 6
1275 6
1276 6
1277 6
1278 6
1279 6
1280 6
1281 6
1282 6
1283 6
1284 6
1285 6
1286 6
1287 6
1288 6
1289 6
1290 6
1291 6
1292 6
1293 6
1294 6
1295 6
1296 6
1297 6
1298 6
1299 6
1300 6
1301 6
1302 6
1303 6
1304 6
1305 6
1306 6
1307 6
1308 6
1309 6
1310 6
1311 6
1312 6
1313 6
1314 6
1315 6
1316 6
1317 6
1318 6
1319 6
0 4
0 1099
0 1136
1 5
1 1097
1 1134
2 6
2 1095
2 1143
3 7
3 1093
3 1141
4 8
4 1091
4 1139
5 9
5 1089
5 1137
6 10
6 1098
6 1135
7 0
7 1096
7 1133
8 1
8 1094
8 1142
9 2
9 1092
9 1140
10 3
10 1090
10 1138
11 13
11 863
11 953
12 14
12 861
12 951
13 15
13 859
13 949
14 16
14 868
14 947
15 17
15 866
15 956
16 18
16 864
16 954
17 19
17 862
17 952
18 20
18 860
18 950
19 21
19 858
19 948
20 11
20 867
20 946
21 12
21 865
21 955
22 27
22 634
22 639
23 28
23 632
23 648
24 29
24 630
24 646
25 30
25 628
25 644
26 31
26 637
26 642
27 32
27 635
27 640
28 22
28 633
28 638
29 23
29 631
29 647
30 24
30 629
30 645
31 25
31 627
31 643
32 26
32 636
32 641
33 34
33 404
33 460
34 35
34 402
34 458
35 36
35 400
35 456
36 37
36 398
36 454
37 38
37 396
37 452
38 39
38 405
38 461
39 40
39 403
39 459
40 41
40 401
40 457
41 42
41 399
41 455
42 43
42 397
42 453
43 33
43 406
43 451
44 47
44 148
44 167
45 48
45 146
45 165
46 49
46 144
46 174
47 50
47 153
47 172
48 51
48 151
48 170
49 52
49 149
49 168
50 53
50 147
50 166
51 54
51 145
51 175
52 44
52 143
52 173
53 45
53 152
53 171
54 46
54 150
54 169
55 63
55 1274
55 1293
56 64
56 1272
56 1291
57 65
57 1270
57 1289
58 55
58 1268
58 1287
59 56
59 1266
59 1296
60 57
60 1275
60 1294
61 58
61 1273
61 1292
62 59
62 1271
62 1290
63 60
63 1269
63 1288
64 61
64 1267
64 1297
65 62
65 1265
65 1295
66 76
66 981
66 1037
67 66
67 979
67 1035
68 67
68 988
68 1044
69 68
69 986
69 1042
70 69
70 984
70 1040
71 70
71 982
71 1038
72 71
72 980
72 1036
73 72
73 989
73 1034
74 73
74 987
74 1043
75 74
75 985
75 1041
76 75
76 983
76 1039
77 83
77 802
77 807
78 84
78 800
78 805
79 85
79 798
79 803
80 86
80 796
80 812
81 87
81 794
81 810
82 77
82 792
82 808
83 78
83 801
83 806
84 79
84 799
84 804
85 80
85 797
85 813
86 81
86 795
86 811
87 82
87 793
87 809
88 97
88 488
88 578
89 98
89 486
89 576
90 88
90 484
90 574
91 89
91 493
91 572
92 90
92 491
92 581
93 91
93 489
93 579
94 92
94 487
94 577
95 93
95 485
95 575
96 94
96 494
96 573
97 95
97 492
97 582
98 96
98 490
98 580
99 106
99 305
99 342
100 107
100 303
100 351
101 108
101 301
101 349
102 109
102 299
102 347
103 99
103 297
103 345
104 100
104 306
104 343
105 101
105 304
105 341
106 102
106 302
106 350
107 103
107 300
107 348
108 104
108 298
108 346
109 105
109 307
109 344
110 119
110 187
110 1054
111 120
111 188
111 1051
112 110
112 189
112 1048
113 111
113 190
113 1045
114 112
114 191
114 1053
115 113
115 192
115 1050
116 114
116 193
116 1047
117 115
117 194
117 1055
118 116
118 195
118 1052
119 117
119 196
119 1049
120 118
120 197
120 1046
121 198
121 746
121 1219
122 199
122 741
122 1218
123 200
123 747
123 1217
124 201
124 742
124 1216
125 202
125 737
125 1215
126 203
126 743
126 1214
127 204
127 738
127 1213
128 205
128 744
128 1212
129 206
129 739
129 1211
130 207
130 745
130 1210
131 208
131 740
131 1220
132 209
132 559
132 988
133 210
133 552
133 985
134 211
134 556
134 982
135 212
135 560
135 979
136 213
136 553
136 987
137 214
137 557
137 984
138 215
138 550
138 981
139 216
139 554
139 989
140 217
140 558
140 986
141 218
141 551
141 983
142 219
142 555
142 980
143 220
143 251
143 757
144 221
144 242
144 752
145 222
145 244
145 758
146 223
146 246
146 753
147 224
147 248
147 748
148 225
148 250
148 754
149 226
149 252
149 749
150 227
150 243
150 755
151 228
151 245
151 750
152 229
152 247
152 756
153 230
153 249
153 751
154 60
154 110
154 526
155 55
155 111
155 519
156 61
156 112
156 523
157 56
157 113
157 527
158 62
158 114
158 520
159 57
159 115
159 524
160 63
160 116
160 517
161 58
161 117
161 521
162 64
162 118
162 525
163 59
163 119
163 518
164 65
164 120
164 522
165 121
165 295
165 1087
166 122
166 286
166 1085
167 123
167 288
167 1083
168 124
168 290
168 1081
169 125
169 292
169 1079
170 126
170 294
170 1088
171 127
171 296
171 1086
172 128
172 287
172 1084
173 129
173 289
173 1082
174 130
174 291
174 1080
175 131
175 293
175 1078
176 56
176 132
176 900
177 62
177 133
177 896
178 57
178 134
178 892
179 63
179 135
179 899
180 58
180 136
180 895
181 64
181 137
181 891
182 59
182 138
182 898
183 65
183 139
183 894
184 60
184 140
184 901
185 55
185 141
185 897
186 61
186 142
186 893
187 143
187 713
187 1164
188 144
188 707
188 1162
189 145
189 712
189 1160
190 146
190 706
190 1158
191 147
191 711
191 1156
192 148
192 705
192 1165
193 149
193 710
193 1163
194 150
194 704
194 1161
195 151
195 709
195 1159
196 152
196 714
196 1157
197 153
197 708
197 1155
198 154
198 405
198 933
199 155
199 397
199 929
200 156
200 400
200 925
201 157
201 403
201 932
202 158
202 406
202 928
203 159
203 398
203 924
204 160
204 401
204 931
205 161
205 404
205 927
206 162
206 396
206 934
207 163
207 399
207 930
208 164
208 402
208 926
209 165
209 218
209 702
210 166
210 219
210 696
211 167
211 209
211 701
212 168
212 210
212 695
213 169
213 211
213 700
214 170
214 212
214 694
215 171
215 213
215 699
216 172
216 214
216 693
217 173
217 215
217 698
218 174
218 216
218 703
219 175
219 217
219 697
220 176
220 471
220 1241
221 177
221 463
221 1240
222 178
222 466
222 1239
223 179
223 469
223 1238
224 180
224 472
224 1237
225 181
225 464
225 1236
226 182
226 467
226 1235
227 183
227 470
227 1234
228 184
228 462
228 1233
229 185
229 465
229 1232
230 186
230 468
230 1242
231 241
231 264
231 659
232 231
232 265
232 656
233 232
233 266
233 653
234 233
234 267
234 650
235 234
235 268
235 658
236 235
236 269
236 655
237 236
237 270
237 652
238 237
238 271
238 649
239 238
239 272
239 657
240 239
240 273
240 654
241 240
241 274
241 651
242 6
242 275
242 472
243 1
243 276
243 468
244 7
244 277
244 464
245 2
245 278
245 471
246 8
246 279
246 467
247 3
247 280
247 463
248 9
248 281
248 470
249 4
249 282
249 466
250 10
250 283
250 462
251 5
251 284
251 469
252 0
252 285
252 465
253 164
253 286
253 1110
254 159
254 287
254 1109
255 154
255 288
255 1108
256 160
256 289
256 1107
257 155
257 290
257 1106
258 161
258 291
258 1105
259 156
259 292
259 1104
260 162
260 293
260 1103
261 157
261 294
261 1102
262 163
262 295
262 1101
263 158
263 296
263 1100
264 297
264 879
264 1308
265 298
265 877
265 1302
266 299
266 875
266 1307
267 300
267 873
267 1301
268 301
268 871
268 1306
269 302
269 869
269 1300
270 303
270 878
270 1305
271 304
271 876
271 1299
272 305
272 874
272 1304
273 306
273 872
273 1298
274 307
274 870
274 1303
275 308
275 648
275 1000
276 309
276 645
276 993
277 310
277 642
277 997
278 311
278 639
278 990
279 312
279 647
279 994
280 313
280 644
280 998
281 314
281 641
281 991
282 315
282 638
282 995
283 316
283 646
283 999
284 317
284 643
284 992
285 318
285 640
285 996
286 319
286 417
286 813
287 320
287 413
287 805
288 321
288 409
288 808
289 322
289 416
289 811
290 323
290 412
290 803
291 324
291 408
291 806
292 325
292 415
292 809
293 326
293 411
293 812
294 327
294 407
294 804
295 328
295 414
295 807
296 329
296 410
296 810
297 186
297 330
297 505
298 181
298 331
298 496
299 176
299 332
299 498
300 182
300 333
300 500
301 177
301 334
301 502
302 183
302 335
302 504
303 178
303 336
303 495
304 184
304 337
304 497
305 179
305 338
305 499
306 185
306 339
306 501
307 180
307 340
307 503
308 318
308 341
308 1286
309 308
309 342
309 1280
310 309
310 343
310 1285
311 310
311 344
311 1279
312 311
312 345
312 1284
313 312
313 346
313 1278
314 313
314 347
314 1283
315 314
315 348
315 1277
316 315
316 349
316 1282
317 316
317 350
317 1276
318 317
318 351
318 1281
319 8
319 231
319 1055
320 3
320 232
320 1048
321 9
321 233
321 1052
322 4
322 234
322 1045
323 10
323 235
323 1049
324 5
324 236
324 1053
325 0
325 237
325 1046
326 6
326 238
326 1050
327 1
327 239
327 1054
328 7
328 240
328 1047
329 2
329 241
329 1051
330 242
330 824
330 1154
331 243
331 816
331 1153
332 244
332 819
332 1152
333 245
333 822
333 1151
334 246
334 814
334 1150
335 247
335 817
335 1149
336 248
336 820
336 1148
337 249
337 823
337 1147
338 250
338 815
338 1146
339 251
339 818
339 1145
340 252
340 821
340 1144
341 253
341 593
341 846
342 254
342 584
342 844
343 255
343 586
343 842
344 256
344 588
344 840
345 257
345 590
345 838
346 258
346 592
346 836
347 259
347 583
347 845
348 260
348 585
348 843
349 261
349 587
349 841
350 262
350 589
350 839
351 263
351 591
351 837
352 256
352 355
352 462
353 253
353 356
353 463
354 261
354 357
354 464
355 258
355 358
355 465
356 255
356 359
356 466
357 263
357 360
357 467
358 260
358 361
358 468
359 257
359 362
359 469
360 254
360 352
360 470
361 262
361 353
361 471
362 259
362 354
362 472
363 75
363 124
363 352
364 70
364 128
364 353
365 76
365 121
365 354
366 71
366 125
366 355
367 66
367 129
367 356
368 72
368 122
368 357
369 67
369 126
369 358
370 73
370 130
370 359
371 68
371 123
371 360
372 74
372 127
372 361
373 69
373 131
373 362
374 363
374 1092
374 1224
375 364
375 1095
375 1231
376 365
376 1098
376 1227
377 366
377 1090
377 1223
378 367
378 1093
378 1230
379 368
379 1096
379 1226
380 369
380 1099
380 1222
381 370
381 1091
381 1229
382 371
382 1094
382 1225
383 372
383 1097
383 1221
384 373
384 1089
384 1228
385 374
385 905
385 993
386 375
386 911
386 992
387 376
387 906
387 991
388 377
388 912
388 990
389 378
389 907
389 1000
390 379
390 902
390 999
391 380
391 908
391 998
392 381
392 903
392 997
393 382
393 909
393 996
394 383
394 904
394 995
395 384
395 910
395 994
396 385
396 597
396 762
397 386
397 595
397 764
398 387
398 604
398 766
399 388
399 602
399 768
400 389
400 600
400 759
401 390
401 598
401 761
402 391
402 596
402 763
403 392
403 594
403 765
404 393
404 603
404 767
405 394
405 601
405 769
406 395
406 599
406 760
407 396
407 410
407 531
408 397
408 411
408 536
409 398
409 412
409 530
410 399
410 413
410 535
411 400
411 414
411 529
412 401
412 415
412 534
413 402
413 416
413 528
414 403
414 417
414 533
415 404
415 407
415 538
416 405
416 408
416 532
417 406
417 409
417 537
418 223
418 300
418 407
419 227
419 297
419 408
420 220
420 305
420 409
421 224
421 302
421 410
422 228
422 299
422 411
423 221
423 307
423 412
424 225
424 304
424 413
425 229
425 301
425 414
426 222
426 298
426 415
427 226
427 306
427 416
428 230
428 303
428 417
429 70
429 418
429 1246
430 76
430 419
430 1253
431 71
431 420
431 1249
432 66
432 421
432 1245
433 72
433 422
433 1252
434 67
434 423
434 1248
435 73
435 424
435 1244
436 68
436 425
436 1251
437 74
437 426
437 1247
438 69
438 427
438 1243
439 75
439 428
439 1250
440 429
440 1059
440 1169
441 430
441 1058
441 1172
442 431
442 1057
442 1175
443 432
443 1056
443 1167
444 433
444 1066
444 1170
445 434
445 1065
445 1173
446 435
446 1064
446 1176
447 436
447 1063
447 1168
448 437
448 1062
448 1171
449 438
449 1061
449 1174
450 439
450 1060
450 1166
451 440
451 751
451 938
452 441
452 753
452 944
453 442
453 755
453 939
454 443
454 757
454 945
455 444
455 748
455 940
456 445
456 750
456 935
457 446
457 752
457 941
458 447
458 754
458 936
459 448
459 756
459 942
460 449
460 758
460 937
461 450
461 749
461 943
462 451
462 564
462 707
463 452
463 569
463 705
464 453
464 563
464 714
465 454
465 568
465 712
466 455
466 562
466 710
467 456
467 567
467 708
468 457
468 561
468 706
469 458
469 566
469 704
470 459
470 571
470 713
471 460
471 565
471 711
472 461
472 570
472 709
473 478
473 539
473 1314
474 479
474 540
474 1311
475 480
475 541
475 1319
476 481
476 542
476 1316
477 482
477 543
477 1313
478 483
478 544
478 1310
479 473
479 545
479 1318
480 474
480 546
480 1315
481 475
481 547
481 1312
482 476
482 548
482 1309
483 477
483 549
483 1317
484 247
484 550
484 1006
485 242
485 551
485 1008
486 248
486 552
486 1010
487 243
487 553
487 1001
488 249
488 554
488 1003
489 244
489 555
489 1005
490 250
490 556
490 1007
491 245
491 557
491 1009
492 251
492 558
492 1011
493 246
493 559
493 1002
494 252
494 560
494 1004
495 14
495 561
495 819
496 20
496 562
496 815
497 15
497 563
497 822
498 21
498 564
498 818
499 16
499 565
499 814
500 11
500 566
500 821
501 17
501 567
501 817
502 12
502 568
502 824
503 18
503 569
503 820
504 13
504 570
504 816
505 19
505 571
505 823
506 511
506 572
506 1116
507 512
507 573
507 1121
508 513
508 574
508 1115
509 514
509 575
509 1120
510 515
510 576
510 1114
511 516
511 577
511 1119
512 506
512 578
512 1113
513 507
513 579
513 1118
514 508
514 580
514 1112
515 509
515 581
515 1117
516 510
516 582
516 1111
517 324
517 583
517 885
518 319
518 584
518 884
519 325
519 585
519 883
520 320
520 586
520 882
521 326
521 587
521 881
522 321
522 588
522 880
523 327
523 589
523 890
524 322
524 590
524 889
525 328
525 591
525 888
526 323
526 592
526 887
527 329
527 593
527 886
528 15
528 473
528 654
529 21
529 474
529 658
530 16
530 475
530 651
531 11
531 476
531 655
532 17
532 477
532 659
533 12
533 478
533 652
534 18
534 479
534 656
535 13
535 480
535 649
536 19
536 481
536 653
537 14
537 482
537 657
538 20
538 483
538 650
539 423
539 484
539 1160
540 421
540 485
540 1165
541 419
541 486
541 1159
542 428
542 487
542 1164
543 426
543 488
543 1158
544 424
544 489
544 1163
545 422
545 490
545 1157
546 420
546 491
546 1162
547 418
547 492
547 1156
548 427
548 493
548 1161
549 425
549 494
549 1155
550 192
550 495
550 852
551 195
551 496
551 851
552 187
552 497
552 850
553 190
553 498
553 849
554 193
554 499
554 848
555 196
555 500
555 847
556 188
556 501
556 857
557 191
557 502
557 856
558 194
558 503
558 855
559 197
559 504
559 854
560 189
560 505
560 853
561 506
561 665
561 1292
562 507
562 669
562 1289
563 508
563 662
563 1297
564 509
564 666
564 1294
565 510
565 670
565 1291
566 511
566 663
566 1288
567 512
567 667
567 1296
568 513
568 660
568 1293
569 514
569 664
569 1290
570 515
570 668
570 1287
571 516
571 661
571 1295
572 357
572 517
572 1061
573 355
573 518
573 1063
574 353
574 519
574 1065
575 362
575 520
575 1056
576 360
576 521
576 1058
577 358
577 522
577 1060
578 356
578 523
578 1062
579 354
579 524
579 1064
580 352
580 525
580 1066
581 361
581 526
581 1057
582 359
582 527
582 1059
583 170
583 528
583 830
584 173
584 529
584 826
585 165
585 530
585 833
586 168
586 531
586 829
587 171
587 532
587 825
588 174
588 533
588 832
589 166
589 534
589 828
590 169
590 535
590 835
591 172
591 536
591 831
592 175
592 537
592 827
593 167
593 538
593 834
594 598
594 616
594 917
595 599
595 617
595 914
596 600
596 618
596 922
597 601
597 619
597 919
598 602
598 620
598 916
599 603
599 621
599 913
600 604
600 622
600 921
601 594
601 623
601 918
602 595
602 624
602 915
603 596
603 625
603 923
604 597
604 626
604 920
605 367
605 609
605 627
606 372
606 610
606 628
607 366
607 611
607 629
608 371
608 612
608 630
609 365
609 613
609 631
610 370
610 614
610 632
611 364
611 615
611 633
612 369
612 605
612 634
613 363
613 606
613 635
614 368
614 607
614 636
615 373
615 608
615 637
616 136
616 422
616 638
617 134
617 427
617 639
618 132
618 421
618 640
619 141
619 426
619 641
620 139
620 420
620 642
621 137
621 425
621 643
622 135
622 419
622 644
623 133
623 424
623 645
624 142
624 418
624 646
625 140
625 423
625 647
626 138
626 428
626 648
627 114
627 649
627 1236
628 112
628 650
628 1238
629 110
629 651
629 1240
630 119
630 652
630 1242
631 117
631 653
631 1233
632 115
632 654
632 1235
633 113
633 655
633 1237
634 111
634 656
634 1239
635 120
635 657
635 1241
636 118
636 658
636 1232
637 116
637 659
637 1234
638 660
638 1005
638 1258
639 661
639 1011
639 1260
640 662
640 1006
640 1262
641 663
641 1001
641 1264
642 664
642 1007
642 1255
643 665
643 1002
643 1257
644 666
644 1008
644 1259
645 667
645 1003
645 1261
646 668
646 1009
646 1263
647 669
647 1004
647 1254
648 670
648 1010
648 1256
649 671
649 774
649 1071
650 672
650 773
650 1077
651 673
651 772
651 1072
652 674
652 771
652 1067
653 675
653 770
653 1073
654 676
654 780
654 1068
655 677
655 779
655 1074
656 678
656 778
656 1069
657 679
657 777
657 1075
658 680
658 776
658 1070
659 681
659 775
659 1076
660 543
660 682
660 763
661 546
661 683
661 762
662 549
662 684
662 761
663 541
663 685
663 760
664 544
664 686
664 759
665 547
665 687
665 769
666 539
666 688
666 768
667 542
667 689
667 767
668 545
668 690
668 766
669 548
669 691
669 765
670 540
670 692
670 764
671 312
671 576
671 693
672 308
672 579
672 694
673 315
673 582
673 695
674 311
674 574
674 696
675 318
675 577
675 697
676 314
676 580
676 698
677 310
677 572
677 699
678 317
678 575
678 700
679 313
679 578
679 701
680 309
680 581
680 702
681 316
681 573
681 703
682 86
682 268
682 704
683 81
683 264
683 705
684 87
684 271
684 706
685 82
685 267
685 707
686 77
686 274
686 708
687 83
687 270
687 709
688 78
688 266
688 710
689 84
689 273
689 711
690 79
690 269
690 712
691 85
691 265
691 713
692 80
692 272
692 714
693 78
693 594
693 1181
694 84
694 595
694 1185
695 79
695 596
695 1178
696 85
696 597
696 1182
697 80
697 598
697 1186
698 86
698 599
698 1179
699 81
699 600
699 1183
700 87
700 601
700 1187
701 82
701 602
701 1180
702 77
702 603
702 1184
703 83
703 604
703 1177
704 605
704 950
704 1104
705 606
705 947
705 1108
706 607
706 955
706 1101
707 608
707 952
707 1105
708 609
708 949
708 1109
709 610
709 946
709 1102
710 611
710 954
710 1106
711 612
711 951
711 1110
712 613
712 948
712 1103
713 614
713 956
713 1107
714 615
714 953
714 1100
715 524
715 722
715 814
716 521
716 723
716 815
717 518
717 724
717 816
718 526
718 725
718 817
719 523
719 715
719 818
720 520
720 716
720 819
721 517
721 717
721 820
722 525
722 718
722 821
723 522
723 719
723 822
724 519
724 720
724 823
725 527
725 721
725 824
726 337
726 491
726 825
727 330
727 488
727 826
728 334
728 485
728 827
729 338
729 493
729 828
730 331
730 490
730 829
731 335
731 487
731 830
732 339
732 484
732 831
733 332
733 492
733 832
734 336
734 489
734 833
735 340
735 486
735 834
736 333
736 494
736 835
737 32
737 260
737 715
738 27
738 253
738 716
739 22
739 257
739 717
740 28
740 261
740 718
741 23
741 254
741 719
742 29
742 258
742 720
743 24
743 262
743 721
744 30
744 255
744 722
745 25
745 259
745 723
746 31
746 263
746 724
747 26
747 256
747 725
748 24
748 726
748 1173
749 30
749 727
749 1169
750 25
750 728
750 1176
751 31
751 729
751 1172
752 26
752 730
752 1168
753 32
753 731
753 1175
754 27
754 732
754 1171
755 22
755 733
755 1167
756 28
756 734
756 1174
757 23
757 735
757 1170
758 29
758 736
758 1166
759 737
759 865
759 1129
760 738
760 868
760 1125
761 739
761 860
761 1132
762 740
762 863
762 1128
763 741
763 866
763 1124
764 742
764 858
764 1131
765 743
765 861
765 1127
766 744
766 864
766 1123
767 745
767 867
767 1130
768 746
768 859
768 1126
769 747
769 862
769 1122
770 678
770 748
770 898
771 677
771 749
771 901
772 676
772 750
772 893
773 675
773 751
773 896
774 674
774 752
774 899
775 673
775 753
775 891
776 672
776 754
776 894
777 671
777 755
777 897
778 681
778 756
778 900
779 680
779 757
779 892
780 679
780 758
780 895
781 370
781 667
781 759
782 365
782 666
782 760
783 371
783 665
783 761
784 366
784 664
784 762
785 372
785 663
785 763
786 367
786 662
786 764
787 373
787 661
787 765
788 368
788 660
788 766
789 363
789 670
789 767
790 369
790 669
790 768
791 364
791 668
791 769
792 183
792 436
792 770
793 185
793 431
793 771
794 176
794 437
794 772
795 178
795 432
795 773
796 180
796 438
796 774
797 182
797 433
797 775
798 184
798 439
798 776
799 186
799 434
799 777
800 177
800 429
800 778
801 179
801 435
801 779
802 181
802 430
802 780
803 205
803 781
803 1206
804 207
804 782
804 1204
805 198
805 783
805 1202
806 200
806 784
806 1200
807 202
807 785
807 1209
808 204
808 786
808 1207
809 206
809 787
809 1205
810 208
810 788
810 1203
811 199
811 789
811 1201
812 201
812 790
812 1199
813 203
813 791
813 1208
814 792
814 1019
814 1305
815 793
815 1013
815 1303
816 794
816 1018
816 1301
817 795
817 1012
817 1299
818 796
818 1017
818 1308
819 797
819 1022
819 1306
820 798
820 1016
820 1304
821 799
821 1021
821 1302
822 800
822 1015
822 1300
823 801
823 1020
823 1298
824 802
824 1014
824 1307
825 803
825 832
825 1074
826 804
826 833
826 1068
827 805
827 834
827 1073
828 806
828 835
828 1067
829 807
829 825
829 1072
830 808
830 826
830 1077
831 809
831 827
831 1071
832 810
832 828
832 1076
833 811
833 829
833 1070
834 812
834 830
834 1075
835 813
835 831
835 1069
836 127
836 842
836 891
837 124
837 843
837 892
838 121
838 844
838 893
839 129
839 845
839 894
840 126
840 846
840 895
841 123
841 836
841 896
842 131
842 837
842 897
843 128
843 838
843 898
844 125
844 839
844 899
845 122
845 840
845 900
846 130
846 841
846 901
847 611
847 902
847 1271
848 607
848 903
848 1274
849 614
849 904
849 1266
850 610
850 905
850 1269
851 606
851 906
851 1272
852 613
852 907
852 1275
853 609
853 908
853 1267
854 605
854 909
854 1270
855 612
855 910
855 1273
856 608
856 911
856 1265
857 615
857 912
857 1268
858 380
858 913
858 963
859 382
859 914
859 961
860 384
860 915
860 959
861 375
861 916
861 957
862 377
862 917
862 966
863 379
863 918
863 964
864 381
864 919
864 962
865 383
865 920
865 960
866 374
866 921
866 958
867 376
867 922
867 967
868 378
868 923
868 965
869 149
869 776
869 924
870 146
870 780
870 925
871 143
871 773
871 926
872 151
872 777
872 927
873 148
873 770
873 928
874 145
874 774
874 929
875 153
875 778
875 930
876 150
876 771
876 931
877 147
877 775
877 932
878 144
878 779
878 933
879 152
879 772
879 934
880 589
880 935
880 1249
881 588
881 936
881 1252
882 587
882 937
882 1244
883 586
883 938
883 1247
884 585
884 939
884 1250
885 584
885 940
885 1253
886 583
886 941
886 1245
887 593
887 942
887 1248
888 592
888 943
888 1251
889 591
889 944
889 1243
890 590
890 945
890 1246
891 281
891 946
891 1018
892 275
892 947
892 1016
893 280
893 948
893 1014
894 285
894 949
894 1012
895 279
895 950
895 1021
896 284
896 951
896 1019
897 278
897 952
897 1017
898 283
898 953
898 1015
899 277
899 954
899 1013
900 282
900 955
900 1022
901 276
901 956
901 1020
902 95
902 787
902 836
903 90
903 791
903 837
904 96
904 784
904 838
905 91
905 788
905 839
906 97
906 781
906 840
907 92
907 785
907 841
908 98
908 789
908 842
909 93
909 782
909 843
910 88
910 786
910 844
911 94
911 790
911 845
912 89
912 783
912 846
913 556
913 847
913 1117
914 555
914 848
914 1112
915 554
915 849
915 1118
916 553
916 850
916 1113
917 552
917 851
917 1119
918 551
918 852
918 1114
919 550
919 853
919 1120
920 560
920 854
920 1115
921 559
921 855
921 1121
922 558
922 856
922 1116
923 557
923 857
923 1111
924 325
924 858
924 930
925 319
925 859
925 931
926 324
926 860
926 932
927 329
927 861
927 933
928 323
928 862
928 934
929 328
929 863
929 924
930 322
930 864
930 925
931 327
931 865
931 926
932 321
932 866
932 927
933 326
933 867
933 928
934 320
934 868
934 929
935 96
935 622
935 869
936 91
936 618
936 870
937 97
937 625
937 871
938 92
938 621
938 872
939 98
939 617
939 873
940 93
940 624
940 874
941 88
941 620
941 875
942 94
942 616
942 876
943 89
943 623
943 877
944 95
944 619
944 878
945 90
945 626
945 879
946 435
946 880
946 1194
947 437
947 881
947 1189
948 439
948 882
948 1195
949 430
949 883
949 1190
950 432
950 884
950 1196
951 434
951 885
951 1191
952 436
952 886
952 1197
953 438
953 887
953 1192
954 429
954 888
954 1198
955 431
955 889
955 1193
956 433
956 890
956 1188
957 965
957 968
957 1185
958 966
958 969
958 1182
959 967
959 970
959 1179
960 957
960 971
960 1187
961 958
961 972
961 1184
962 959
962 973
962 1181
963 960
963 974
963 1178
964 961
964 975
964 1186
965 962
965 976
965 1183
966 963
966 977
966 1180
967 964
967 978
967 1177
968 734
968 877
968 979
969 732
969 871
969 980
970 730
970 876
970 981
971 728
971 870
971 982
972 726
972 875
972 983
973 735
973 869
973 984
974 733
974 874
974 985
975 731
975 879
975 986
976 729
976 873
976 987
977 727
977 878
977 988
978 736
978 872
978 989
979 503
979 690
979 990
980 498
980 692
980 991
981 504
981 683
981 992
982 499
982 685
982 993
983 505
983 687
983 994
984 500
984 689
984 995
985 495
985 691
985 996
986 501
986 682
986 997
987 496
987 684
987 998
988 502
988 686
988 999
989 497
989 688
989 1000
990 272
990 382
990 1001
991 264
991 381
991 1002
992 267
992 380
992 1003
993 270
993 379
993 1004
994 273
994 378
994 1005
995 265
995 377
995 1006
996 268
996 376
996 1007
997 271
997 375
997 1008
998 274
998 374
998 1009
999 266
999 384
999 1010
1000 269
1000 383
1000 1011
1001 40
1001 195
1001 1012
1002 35
1002 191
1002 1013
1003 41
1003 187
1003 1014
1004 36
1004 194
1004 1015
1005 42
1005 190
1005 1016
1006 37
1006 197
1006 1017
1007 43
1007 193
1007 1018
1008 38
1008 189
1008 1019
1009 33
1009 196
1009 1020
1010 39
1010 192
1010 1021
1011 34
1011 188
1011 1022
1012 1023
1012 1141
1012 1218
1013 1024
1013 1138
1013 1211
1014 1025
1014 1135
1014 1215
1015 1026
1015 1143
1015 1219
1016 1027
1016 1140
1016 1212
1017 1028
1017 1137
1017 1216
1018 1029
1018 1134
1018 1220
1019 1030
1019 1142
1019 1213
1020 1031
1020 1139
1020 1217
1021 1032
1021 1136
1021 1210
1022 1033
1022 1133
1022 1214
1023 910
1023 1031
1023 1034
1024 904
1024 1032
1024 1035
1025 909
1025 1033
1025 1036
1026 903
1026 1023
1026 1037
1027 908
1027 1024
1027 1038
1028 902
1028 1025
1028 1039
1029 907
1029 1026
1029 1040
1030 912
1030 1027
1030 1041
1031 906
1031 1028
1031 1042
1032 911
1032 1029
1032 1043
1033 905
1033 1030
1033 1044
1034 679
1034 723
1034 1045
1035 681
1035 721
1035 1046
1036 672
1036 719
1036 1047
1037 674
1037 717
1037 1048
1038 676
1038 715
1038 1049
1039 678
1039 724
1039 1050
1040 680
1040 722
1040 1051
1041 671
1041 720
1041 1052
1042 673
1042 718
1042 1053
1043 675
1043 716
1043 1054
1044 677
1044 725
1044 1055
1045 448
1045 536
1045 1056
1046 447
1046 531
1046 1057
1047 446
1047 537
1047 1058
1048 445
1048 532
1048 1059
1049 444
1049 538
1049 1060
1050 443
1050 533
1050 1061
1051 442
1051 528
1051 1062
1052 441
1052 534
1052 1063
1053 440
1053 529
1053 1064
1054 450
1054 535
1054 1065
1055 449
1055 530
1055 1066
1056 217
1056 349
1056 1067
1057 213
1057 341
1057 1068
1058 209
1058 344
1058 1069
1059 216
1059 347
1059 1070
1060 212
1060 350
1060 1071
1061 219
1061 342
1061 1072
1062 215
1062 345
1062 1073
1063 211
1063 348
1063 1074
1064 218
1064 351
1064 1075
1065 214
1065 343
1065 1076
1066 210
1066 346
1066 1077
1067 35
1067 957
1067 1317
1068 41
1068 958
1068 1310
1069 36
1069 959
1069 1314
1070 42
1070 960
1070 1318
1071 37
1071 961
1071 1311
1072 43
1072 962
1072 1315
1073 38
1073 963
1073 1319
1074 33
1074 964
1074 1312
1075 39
1075 965
1075 1316
1076 34
1076 966
1076 1309
1077 40
1077 967
1077 1313
1078 782
1078 1079
1078 1166
1079 790
1079 1080
1079 1167
1080 787
1080 1081
1080 1168
1081 784
1081 1082
1081 1169
1082 781
1082 1083
1082 1170
1083 789
1083 1084
1083 1171
1084 786
1084 1085
1084 1172
1085 783
1085 1086
1085 1173
1086 791
1086 1087
1086 1174
1087 788
1087 1088
1087 1175
1088 785
1088 1078
1088 1176
1089 474
1089 848
1089 1177
1090 483
1090 850
1090 1178
1091 481
1091 852
1091 1179
1092 479
1092 854
1092 1180
1093 477
1093 856
1093 1181
1094 475
1094 847
1094 1182
1095 473
1095 849
1095 1183
1096 482
1096 851
1096 1184
1097 480
1097 853
1097 1185
1098 478
1098 855
1098 1186
1099 476
1099 857
1099 1187
1100 287
1100 617
1100 1188
1101 286
1101 620
1101 1189
1102 296
1102 623
1102 1190
1103 295
1103 626
1103 1191
1104 294
1104 618
1104 1192
1105 293
1105 621
1105 1193
1106 292
1106 624
1106 1194
1107 291
1107 616
1107 1195
1108 290
1108 619
1108 1196
1109 289
1109 622
1109 1197
1110 288
1110 625
1110 1198
1111 102
1111 386
1111 1078
1112 108
1112 390
1112 1079
1113 103
1113 394
1113 1080
1114 109
1114 387
1114 1081
1115 104
1115 391
1115 1082
1116 99
1116 395
1116 1083
1117 105
1117 388
1117 1084
1118 100
1118 392
1118 1085
1119 106
1119 385
1119 1086
1120 101
1120 389
1120 1087
1121 107
1121 393
1121 1088
1122 155
1122 1089
1122 1123
1123 160
1123 1090
1123 1124
1124 154
1124 1091
1124 1125
1125 159
1125 1092
1125 1126
1126 164
1126 1093
1126 1127
1127 158
1127 1094
1127 1128
1128 163
1128 1095
1128 1129
1129 157
1129 1096
1129 1130
1130 162
1130 1097
1130 1131
1131 156
1131 1098
1131 1132
1132 161
1132 1099
1132 1122
1133 936
1133 1100
1133 1255
1134 938
1134 1101
1134 1261
1135 940
1135 1102
1135 1256
1136 942
1136 1103
1136 1262
1137 944
1137 1104
1137 1257
1138 935
1138 1105
1138 1263
1139 937
1139 1106
1139 1258
1140 939
1140 1107
1140 1264
1141 941
1141 1108
1141 1259
1142 943
1142 1109
1142 1254
1143 945
1143 1110
1143 1260
1144 628
1144 1024
1144 1111
1145 631
1145 1031
1145 1112
1146 634
1146 1027
1146 1113
1147 637
1147 1023
1147 1114
1148 629
1148 1030
1148 1115
1149 632
1149 1026
1149 1116
1150 635
1150 1033
1150 1117
1151 627
1151 1029
1151 1118
1152 630
1152 1025
1152 1119
1153 633
1153 1032
1153 1120
1154 636
1154 1028
1154 1121
1155 441
1155 793
1155 1122
1156 445
1156 801
1156 1123
1157 449
1157 798
1157 1124
1158 442
1158 795
1158 1125
1159 446
1159 792
1159 1126
1160 450
1160 800
1160 1127
1161 443
1161 797
1161 1128
1162 447
1162 794
1162 1129
1163 440
1163 802
1163 1130
1164 444
1164 799
1164 1131
1165 448
1165 796
1165 1132
1166 133
1166 562
1166 1133
1167 138
1167 571
1167 1134
1168 132
1168 569
1168 1135
1169 137
1169 567
1169 1136
1170 142
1170 565
1170 1137
1171 136
1171 563
1171 1138
1172 141
1172 561
1172 1139
1173 135
1173 570
1173 1140
1174 140
1174 568
1174 1141
1175 134
1175 566
1175 1142
1176 139
1176 564
1176 1143
1177 331
1177 1144
1177 1277
1178 330
1178 1145
1178 1283
1179 340
1179 1146
1179 1278
1180 339
1180 1147
1180 1284
1181 338
1181 1148
1181 1279
1182 337
1182 1149
1182 1285
1183 336
1183 1150
1183 1280
1184 335
1184 1151
1184 1286
1185 334
1185 1152
1185 1281
1186 333
1186 1153
1186 1276
1187 332
1187 1154
1187 1282
1188 104
1188 969
1188 1155
1189 99
1189 976
1189 1156
1190 105
1190 972
1190 1157
1191 100
1191 968
1191 1158
1192 106
1192 975
1192 1159
1193 101
1193 971
1193 1160
1194 107
1194 978
1194 1161
1195 102
1195 974
1195 1162
1196 108
1196 970
1196 1163
1197 103
1197 977
1197 1164
1198 109
1198 973
1198 1165
1199 387
1199 1201
1199 1243
1200 395
1200 1202
1200 1244
1201 392
1201 1203
1201 1245
1202 389
1202 1204
1202 1246
1203 386
1203 1205
1203 1247
1204 394
1204 1206
1204 1248
1205 391
1205 1207
1205 1249
1206 388
1206 1208
1206 1250
1207 385
1207 1209
1207 1251
1208 393
1208 1199
1208 1252
1209 390
1209 1200
1209 1253
1210 200
1210 970
1210 1254
1211 199
1211 973
1211 1255
1212 198
1212 976
1212 1256
1213 208
1213 968
1213 1257
1214 207
1214 971
1214 1258
1215 206
1215 974
1215 1259
1216 205
1216 977
1216 1260
1217 204
1217 969
1217 1261
1218 203
1218 972
1218 1262
1219 202
1219 975
1219 1263
1220 201
1220 978
1220 1264
1221 739
1221 1223
1221 1265
1222 744
1222 1224
1222 1266
1223 738
1223 1225
1223 1267
1224 743
1224 1226
1224 1268
1225 737
1225 1227
1225 1269
1226 742
1226 1228
1226 1270
1227 747
1227 1229
1227 1271
1228 741
1228 1230
1228 1272
1229 746
1229 1231
1229 1273
1230 740
1230 1221
1230 1274
1231 745
1231 1222
1231 1275
1232 508
1232 1036
1232 1276
1233 515
1233 1039
1233 1277
1234 511
1234 1042
1234 1278
1235 507
1235 1034
1235 1279
1236 514
1236 1037
1236 1280
1237 510
1237 1040
1237 1281
1238 506
1238 1043
1238 1282
1239 513
1239 1035
1239 1283
1240 509
1240 1038
1240 1284
1241 516
1241 1041
1241 1285
1242 512
1242 1044
1242 1286
1243 277
1243 728
1243 1287
1244 275
1244 733
1244 1288
1245 284
1245 727
1245 1289
1246 282
1246 732
1246 1290
1247 280
1247 726
1247 1291
1248 278
1248 731
1248 1292
1249 276
1249 736
1249 1293
1250 285
1250 730
1250 1294
1251 283
1251 735
1251 1295
1252 281
1252 729
1252 1296
1253 279
1253 734
1253 1297
1254 54
1254 541
1254 1298
1255 49
1255 548
1255 1299
1256 44
1256 544
1256 1300
1257 50
1257 540
1257 1301
1258 45
1258 547
1258 1302
1259 51
1259 543
1259 1303
1260 46
1260 539
1260 1304
1261 52
1261 546
1261 1305
1262 47
1262 542
1262 1306
1263 53
1263 549
1263 1307
1264 48
1264 545
1264 1308
1265 233
1265 1146
1265 1309
1266 231
1266 1148
1266 1310
1267 240
1267 1150
1267 1311
1268 238
1268 1152
1268 1312
1269 236
1269 1154
1269 1313
1270 234
1270 1145
1270 1314
1271 232
1271 1147
1271 1315
1272 241
1272 1149
1272 1316
1273 239
1273 1151
1273 1317
1274 237
1274 1153
1274 1318
1275 235
1275 1144
1275 1319
1276 50
1276 915
1276 1199
1277 45
1277 919
1277 1200
1278 51
1278 923
1278 1201
1279 46
1279 916
1279 1202
1280 52
1280 920
1280 1203
1281 47
1281 913
1281 1204
1282 53
1282 917
1282 1205
1283 48
1283 921
1283 1206
1284 54
1284 914
1284 1207
1285 49
1285 918
1285 1208
1286 44
1286 922
1286 1209
1287 684
1287 1190
1287 1210
1288 690
1288 1192
1288 1211
1289 685
1289 1194
1289 1212
1290 691
1290 1196
1290 1213
1291 686
1291 1198
1291 1214
1292 692
1292 1189
1292 1215
1293 687
1293 1191
1293 1216
1294 682
1294 1193
1294 1217
1295 688
1295 1195
1295 1218
1296 683
1296 1197
1296 1219
1297 689
1297 1188
1297 1220
1298 453
1298 882
1298 1221
1299 461
1299 886
1299 1222
1300 458
1300 890
1300 1223
1301 455
1301 883
1301 1224
1302 452
1302 887
1302 1225
1303 460
1303 880
1303 1226
1304 457
1304 884
1304 1227
1305 454
1305 888
1305 1228
1306 451
1306 881
1306 1229
1307 459
1307 885
1307 1230
1308 456
1308 889
1308 1231
1309 222
1309 695
1309 1232
1310 221
1310 701
1310 1233
1311 220
1311 696
1311 1234
1312 230
1312 702
1312 1235
1313 229
1313 697
1313 1236
1314 228
1314 703
1314 1237
1315 227
1315 698
1315 1238
1316 226
1316 693
1316 1239
1317 225
1317 699
1317 1240
1318 224
1318 694
1318 1241
1319 223
1319 700
1319 1242
1320 7
1320 252
1320 325
1321 8
1321 243
1321 327
1322 9
1322 245
1322 329
1323 10
1323 247
1323 320
1324 0
1324 249
1324 322
1325 1
1325 251
1325 324
1326 2
1326 242
1326 326
1327 3
1327 244
1327 328
1328 4
1328 246
1328 319
1329 5
1329 248
1329 321
1330 6
1330 250
1330 323
1331 20
1331 500
1331 531
1332 21
1332 502
1332 533
1333 11
1333 504
1333 535
1334 12
1334 495
1334 537
1335 13
1335 497
1335 528
1336 14
1336 499
1336 530
1337 15
1337 501
1337 532
1338 16
1338 503
1338 534
1339 17
1339 505
1339 536
1340 18
1340 496
1340 538
1341 19
1341 498
1341 529
1342 28
1342 739
1342 755
1343 29
1343 741
1343 757
1344 30
1344 743
1344 748
1345 31
1345 745
1345 750
1346 32
1346 747
1346 752
1347 22
1347 738
1347 754
1348 23
1348 740
1348 756
1349 24
1349 742
1349 758
1350 25
1350 744
1350 749
1351 26
1351 746
1351 751
1352 27
1352 737
1352 753
1353 43
1353 1009
1353 1074
1354 33
1354 1011
1354 1076
1355 34
1355 1002
1355 1067
1356 35
1356 1004
1356 1069
1357 36
1357 1006
1357 1071
1358 37
1358 1008
1358 1073
1359 38
1359 1010
1359 1075
1360 39
1360 1001
1360 1077
1361 40
1361 1003
1361 1068
1362 41
1362 1005
1362 1070
1363 42
1363 1007
1363 1072
1364 52
1364 1256
1364 1286
1365 53
1365 1258
1365 1277
1366 54
1366 1260
1366 1279
1367 44
1367 1262
1367 1281
1368 45
1368 1264
1368 1283
1369 46
1369 1255
1369 1285
1370 47
1370 1257
1370 1276
1371 48
1371 1259
1371 1278
1372 49
1372 1261
1372 1280
1373 50
1373 1263
1373 1282
1374 51
1374 1254
1374 1284
1375 58
1375 155
1375 185
1376 59
1376 157
1376 176
1377 60
1377 159
1377 178
1378 61
1378 161
1378 180
1379 62
1379 163
1379 182
1380 63
1380 154
1380 184
1381 64
1381 156
1381 186
1382 65
1382 158
1382 177
1383 55
1383 160
1383 179
1384 56
1384 162
1384 181
1385 57
1385 164
1385 183
1386 67
1386 367
1386 432
1387 68
1387 369
1387 434
1388 69
1388 371
1388 436
1389 70
1389 373
1389 438
1390 71
1390 364
1390 429
1391 72
1391 366
1391 431
1392 73
1392 368
1392 433
1393 74
1393 370
1393 435
1394 75
1394 372
1394 437
1395 76
1395 363
1395 439
1396 66
1396 365
1396 430
1397 82
1397 686
1397 702
1398 83
1398 688
1398 693
1399 84
1399 690
1399 695
1400 85
1400 692
1400 697
1401 86
1401 683
1401 699
1402 87
1402 685
1402 701
1403 77
1403 687
1403 703
1404 78
1404 689
1404 694
1405 79
1405 691
1405 696
1406 80
1406 682
1406 698
1407 81
1407 684
1407 700
1408 90
1408 910
1408 941
1409 91
1409 912
1409 943
1410 92
1410 903
1410 945
1411 93
1411 905
1411 936
1412 94
1412 907
1412 938
1413 95
1413 909
1413 940
1414 96
1414 911
1414 942
1415 97
1415 902
1415 944
1416 98
1416 904
1416 935
1417 88
1417 906
1417 937
1418 89
1418 908
1418 939
1419 103
1419 1116
1419 1189
1420 104
1420 1118
1420 1191
1421 105
1421 1120
1421 1193
1422 106
1422 1111
1422 1195
1423 107
1423 1113
1423 1197
1424 108
1424 1115
1424 1188
1425 109
1425 1117
1425 1190
1426 99
1426 1119
1426 1192
1427 100
1427 1121
1427 1194
1428 101
1428 1112
1428 1196
1429 102
1429 1114
1429 1198
1430 112
1430 154
1430 629
1431 113
1431 155
1431 634
1432 114
1432 156
1432 628
1433 115
1433 157
1433 633
1434 116
1434 158
1434 627
1435 117
1435 159
1435 632
1436 118
1436 160
1436 637
1437 119
1437 161
1437 631
1438 120
1438 162
1438 636
1439 110
1439 163
1439 630
1440 111
1440 164
1440 635
1441 165
1441 365
1441 838
1442 166
1442 368
1442 845
1443 167
1443 371
1443 841
1444 168
1444 363
1444 837
1445 169
1445 366
1445 844
1446 170
1446 369
1446 840
1447 171
1447 372
1447 836
1448 172
1448 364
1448 843
1449 173
1449 367
1449 839
1450 174
1450 370
1450 846
1451 175
1451 373
1451 842
1452 176
1452 618
1452 1168
1453 177
1453 623
1453 1166
1454 178
1454 617
1454 1175
1455 179
1455 622
1455 1173
1456 180
1456 616
1456 1171
1457 181
1457 621
1457 1169
1458 182
1458 626
1458 1167
1459 183
1459 620
1459 1176
1460 184
1460 625
1460 1174
1461 185
1461 619
1461 1172
1462 186
1462 624
1462 1170
1463 52
1463 187
1463 871
1464 46
1464 188
1464 878
1465 51
1465 189
1465 874
1466 45
1466 190
1466 870
1467 50
1467 191
1467 877
1468 44
1468 192
1468 873
1469 49
1469 193
1469 869
1470 54
1470 194
1470 876
1471 48
1471 195
1471 872
1472 53
1472 196
1472 879
1473 47
1473 197
1473 875
1474 198
1474 255
1474 1124
1475 199
1475 257
1475 1122
1476 200
1476 259
1476 1131
1477 201
1477 261
1477 1129
1478 202
1478 263
1478 1127
1479 203
1479 254
1479 1125
1480 204
1480 256
1480 1123
1481 205
1481 258
1481 1132
1482 206
1482 260
1482 1130
1483 207
1483 262
1483 1128
1484 208
1484 253
1484 1126
1485 45
1485 209
1485 585
1486 50
1486 210
1486 589
1487 44
1487 211
1487 593
1488 49
1488 212
1488 586
1489 54
1489 213
1489 590
1490 48
1490 214
1490 583
1491 53
1491 215
1491 587
1492 47
1492 216
1492 591
1493 52
1493 217
1493 584
1494 46
1494 218
1494 588
1495 51
1495 219
1495 592
1496 220
1496 299
1496 794
1497 221
1497 301
1497 800
1498 222
1498 303
1498 795
1499 223
1499 305
1499 801
1500 224
1500 307
1500 796
1501 225
1501 298
1501 802
1502 226
1502 300
1502 797
1503 227
1503 302
1503 792
1504 228
1504 304
1504 798
1505 229
1505 306
1505 793
1506 230
1506 297
1506 799
1507 110
1507 552
1507 1003
1508 111
1508 556
1508 1011
1509 112
1509 560
1509 1008
1510 113
1510 553
1510 1005
1511 114
1511 557
1511 1002
1512 115
1512 550
1512 1010
1513 116
1513 554
1513 1007
1514 117
1514 558
1514 1004
1515 118
1515 551
1515 1001
1516 119
1516 555
1516 1009
1517 120
1517 559
1517 1006
1518 121
1518 805
1518 1212
1519 122
1519 811
1519 1211
1520 123
1520 806
1520 1210
1521 124
1521 812
1521 1220
1522 125
1522 807
1522 1219
1523 126
1523 813
1523 1218
1524 127
1524 808
1524 1217
1525 128
1525 803
1525 1216
1526 129
1526 809
1526 1215
1527 130
1527 804
1527 1214
1528 131
1528 810
1528 1213
1529 132
1529 211
1529 1058
1530 133
1530 212
1530 1066
1531 134
1531 213
1531 1063
1532 135
1532 214
1532 1060
1533 136
1533 215
1533 1057
1534 137
1534 216
1534 1065
1535 138
1535 217
1535 1062
1536 139
1536 218
1536 1059
1537 140
1537 219
1537 1056
1538 141
1538 209
1538 1064
1539 142
1539 210
1539 1061
1540 143
1540 420
1540 1311
1541 144
1541 423
1541 1310
1542 145
1542 426
1542 1309
1543 146
1543 418
1543 1319
1544 147
1544 421
1544 1318
1545 148
1545 424
1545 1317
1546 149
1546 427
1546 1316
1547 150
1547 419
1547 1315
1548 151
1548 422
1548 1314
1549 152
1549 425
1549 1313
1550 153
1550 428
1550 1312
1551 232
1551 319
1551 1266
1552 233
1552 320
1552 1271
1553 234
1553 321
1553 1265
1554 235
1554 322
1554 1270
1555 236
1555 323
1555 1275
1556 237
1556 324
1556 1269
1557 238
1557 325
1557 1274
1558 239
1558 326
1558 1268
1559 240
1559 327
1559 1273
1560 241
1560 328
1560 1267
1561 231
1561 329
1561 1272
1562 144
1562 330
1562 485
1563 150
1563 331
1563 487
1564 145
1564 332
1564 489
1565 151
1565 333
1565 491
1566 146
1566 334
1566 493
1567 152
1567 335
1567 484
1568 147
1568 336
1568 486
1569 153
1569 337
1569 488
1570 148
1570 338
1570 490
1571 143
1571 339
1571 492
1572 149
1572 340
1572 494
1573 341
1573 353
1573 738
1574 342
1574 360
1574 741
1575 343
1575 356
1575 744
1576 344
1576 352
1576 747
1577 345
1577 359
1577 739
1578 346
1578 355
1578 742
1579 347
1579 362
1579 745
1580 348
1580 358
1580 737
1581 349
1581 354
1581 740
1582 350
1582 361
1582 743
1583 351
1583 357
1583 746
1584 231
1584 683
1584 991
1585 232
1585 691
1585 995
1586 233
1586 688
1586 999
1587 234
1587 685
1587 992
1588 235
1588 682
1588 996
1589 236
1589 690
1589 1000
1590 237
1590 687
1590 993
1591 238
1591 684
1591 997
1592 239
1592 692
1592 990
1593 240
1593 689
1593 994
1594 241
1594 686
1594 998
1595 242
1595 892
1595 1244
1596 243
1596 901
1596 1249
1597 244
1597 899
1597 1243
1598 245
1598 897
1598 1248
1599 246
1599 895
1599 1253
1600 247
1600 893
1600 1247
1601 248
1601 891
1601 1252
1602 249
1602 900
1602 1246
1603 250
1603 898
1603 1251
1604 251
1604 896
1604 1245
1605 252
1605 894
1605 1250
1606 166
1606 253
1606 1101
1607 172
1607 254
1607 1100
1608 167
1608 255
1608 1110
1609 173
1609 256
1609 1109
1610 168
1610 257
1610 1108
1611 174
1611 258
1611 1107
1612 169
1612 259
1612 1106
1613 175
1613 260
1613 1105
1614 170
1614 261
1614 1104
1615 165
1615 262
1615 1103
1616 171
1616 263
1616 1102
1617 103
1617 264
1617 419
1618 108
1618 265
1618 426
1619 102
1619 266
1619 422
1620 107
1620 267
1620 418
1621 101
1621 268
1621 425
1622 106
1622 269
1622 421
1623 100
1623 270
1623 428
1624 105
1624 271
1624 424
1625 99
1625 272
1625 420
1626 104
1626 273
1626 427
1627 109
1627 274
1627 423
1628 275
1628 309
1628 672
1629 276
1629 310
1629 680
1630 277
1630 311
1630 677
1631 278
1631 312
1631 674
1632 279
1632 313
1632 671
1633 280
1633 314
1633 679
1634 281
1634 315
1634 676
1635 282
1635 316
1635 673
1636 283
1636 317
1636 681
1637 284
1637 318
1637 678
1638 285
1638 308
1638 675
1639 286
1639 518
1639 925
1640 287
1640 520
1640 934
1641 288
1641 522
1641 932
1642 289
1642 524
1642 930
1643 290
1643 526
1643 928
1644 291
1644 517
1644 926
1645 292
1645 519
1645 924
1646 293
1646 521
1646 933
1647 294
1647 523
1647 931
1648 295
1648 525
1648 929
1649 296
1649 527
1649 927
1650 297
1650 727
1650 1178
1651 298
1651 730
1651 1177
1652 299
1652 733
1652 1187
1653 300
1653 736
1653 1186
1654 301
1654 728
1654 1185
1655 302
1655 731
1655 1184
1656 303
1656 734
1656 1183
1657 304
1657 726
1657 1182
1658 305
1658 729
1658 1181
1659 306
1659 732
1659 1180
1660 307
1660 735
1660 1179
1661 105
1661 308
1661 1057
1662 99
1662 309
1662 1061
1663 104
1663 310
1663 1065
1664 109
1664 311
1664 1058
1665 103
1665 312
1665 1062
1666 108
1666 313
1666 1066
1667 102
1667 314
1667 1059
1668 107
1668 315
1668 1063
1669 101
1669 316
1669 1056
1670 106
1670 317
1670 1060
1671 100
1671 318
1671 1064
1672 360
1672 363
1672 580
1673 361
1673 364
1673 574
1674 362
1674 365
1674 579
1675 352
1675 366
1675 573
1676 353
1676 367
1676 578
1677 354
1677 368
1677 572
1678 355
1678 369
1678 577
1679 356
1679 370
1679 582
1680 357
1680 371
1680 576
1681 358
1681 372
1681 581
1682 359
1682 373
1682 575
1683 374
1683 613
1683 789
1684 375
1684 611
1684 791
1685 376
1685 609
1685 782
1686 377
1686 607
1686 784
1687 378
1687 605
1687 786
1688 379
1688 614
1688 788
1689 380
1689 612
1689 790
1690 381
1690 610
1690 781
1691 382
1691 608
1691 783
1692 383
1692 606
1692 785
1693 384
1693 615
1693 787
1694 385
1694 866
1694 998
1695 386
1695 861
1695 997
1696 387
1696 867
1696 996
1697 388
1697 862
1697 995
1698 389
1698 868
1698 994
1699 390
1699 863
1699 993
1700 391
1700 858
1700 992
1701 392
1701 864
1701 991
1702 393
1702 859
1702 990
1703 394
1703 865
1703 1000
1704 395
1704 860
1704 999
1705 396
1705 1119
1705 1207
1706 397
1706 1111
1706 1203
1707 398
1707 1114
1707 1199
1708 399
1708 1117
1708 1206
1709 400
1709 1120
1709 1202
1710 401
1710 1112
1710 1209
1711 402
1711 1115
1711 1205
1712 403
1712 1118
1712 1201
1713 404
1713 1121
1713 1208
1714 405
1714 1113
1714 1204
1715 406
1715 1116
1715 1200
1716 37
1716 206
1716 407
1717 42
1717 199
1717 408
1718 36
1718 203
1718 409
1719 41
1719 207
1719 410
1720 35
1720 200
1720 411
1721 40
1721 204
1721 412
1722 34
1722 208
1722 413
1723 39
1723 201
1723 414
1724 33
1724 205
1724 415
1725 38
1725 198
1725 416
1726 43
1726 202
1726 417
1727 294
1727 415
1727 418
1728 291
1728 416
1728 419
1729 288
1729 417
1729 420
1730 296
1730 407
1730 421
1731 293
1731 408
1731 422
1732 290
1732 409
1732 423
1733 287
1733 410
1733 424
1734 295
1734 411
1734 425
1735 292
1735 412
1735 426
1736 289
1736 413
1736 427
1737 286
1737 414
1737 428
1738 429
1738 547
1738 624
1739 430
1739 541
1739 622
1740 431
1740 546
1740 620
1741 432
1741 540
1741 618
1742 433
1742 545
1742 616
1743 434
1743 539
1743 625
1744 435
1744 544
1744 623
1745 436
1745 549
1745 621
1746 437
1746 543
1746 619
1747 438
1747 548
1747 617
1748 439
1748 542
1748 626
1749 440
1749 800
1749 954
1750 441
1750 802
1750 949
1751 442
1751 793
1751 955
1752 443
1752 795
1752 950
1753 444
1753 797
1753 956
1754 445
1754 799
1754 951
1755 446
1755 801
1755 946
1756 447
1756 792
1756 952
1757 448
1757 794
1757 947
1758 449
1758 796
1758 953
1759 450
1759 798
1759 948
1760 451
1760 1053
1760 1163
1761 452
1761 1052
1761 1155
1762 453
1762 1051
1762 1158
1763 454
1763 1050
1763 1161
1764 455
1764 1049
1764 1164
1765 456
1765 1048
1765 1156
1766 457
1766 1047
1766 1159
1767 458
1767 1046
1767 1162
1768 459
1768 1045
1768 1165
1769 460
1769 1055
1769 1157
1770 461
1770 1054
1770 1160
1771 43
1771 462
1771 1306
1772 37
1772 463
1772 1302
1773 42
1773 464
1773 1298
1774 36
1774 465
1774 1305
1775 41
1775 466
1775 1301
1776 35
1776 467
1776 1308
1777 40
1777 468
1777 1304
1778 34
1778 469
1778 1300
1779 39
1779 470
1779 1307
1780 33
1780 471
1780 1303
1781 38
1781 472
1781 1299
1782 228
1782 250
1782 352
1783 221
1783 247
1783 353
1784 225
1784 244
1784 354
1785 229
1785 252
1785 355
1786 222
1786 249
1786 356
1787 226
1787 246
1787 357
1788 230
1788 243
1788 358
1789 223
1789 251
1789 359
1790 227
1790 248
1790 360
1791 220
1791 245
1791 361
1792 224
1792 242
1792 362
1793 479
1793 528
1793 1095
1794 480
1794 529
1794 1089
1795 481
1795 530
1795 1094
1796 482
1796 531
1796 1099
1797 483
1797 532
1797 1093
1798 473
1798 533
1798 1098
1799 474
1799 534
1799 1092
1800 475
1800 535
1800 1097
1801 476
1801 536
1801 1091
1802 477
1802 537
1802 1096
1803 478
1803 538
1803 1090
1804 90
1804 539
1804 732
1805 95
1805 540
1805 728
1806 89
1806 541
1806 735
1807 94
1807 542
1807 731
1808 88
1808 543
1808 727
1809 93
1809 544
1809 734
1810 98
1810 545
1810 730
1811 92
1811 546
1811 726
1812 97
1812 547
1812 733
1813 91
1813 548
1813 729
1814 96
1814 549
1814 736
1815 303
1815 550
1815 985
1816 298
1816 551
1816 987
1817 304
1817 552
1817 989
1818 299
1818 553
1818 980
1819 305
1819 554
1819 982
1820 300
1820 555
1820 984
1821 306
1821 556
1821 986
1822 301
1822 557
1822 988
1823 307
1823 558
1823 979
1824 302
1824 559
1824 981
1825 297
1825 560
1825 983
1826 512
1826 561
1826 1238
1827 513
1827 562
1827 1235
1828 514
1828 563
1828 1232
1829 515
1829 564
1829 1240
1830 516
1830 565
1830 1237
1831 506
1831 566
1831 1234
1832 507
1832 567
1832 1242
1833 508
1833 568
1833 1239
1834 509
1834 569
1834 1236
1835 510
1835 570
1835 1233
1836 511
1836 571
1836 1241
1837 160
1837 572
1837 721
1838 163
1838 573
1838 717
1839 155
1839 574
1839 724
1840 158
1840 575
1840 720
1841 161
1841 576
1841 716
1842 164
1842 577
1842 723
1843 156
1843 578
1843 719
1844 159
1844 579
1844 715
1845 162
1845 580
1845 722
1846 154
1846 581
1846 718
1847 157
1847 582
1847 725
1848 413
1848 583
1848 1051
1849 411
1849 584
1849 1053
1850 409
1850 585
1850 1055
1851 407
1851 586
1851 1046
1852 416
1852 587
1852 1048
1853 414
1853 588
1853 1050
1854 412
1854 589
1854 1052
1855 410
1855 590
1855 1054
1856 408
1856 591
1856 1045
1857 417
1857 592
1857 1047
1858 415
1858 593
1858 1049
1859 473
1859 666
1859 1260
1860 474
1860 670
1860 1257
1861 475
1861 663
1861 1254
1862 476
1862 667
1862 1262
1863 477
1863 660
1863 1259
1864 478
1864 664
1864 1256
1865 479
1865 668
1865 1264
1866 480
1866 661
1866 1261
1867 481
1867 665
1867 1258
1868 482
1868 669
1868 1255
1869 483
1869 662
1869 1263
1870 138
1870 484
1870 919
1871 141
1871 485
1871 918
1872 133
1872 486
1872 917
1873 136
1873 487
1873 916
1874 139
1874 488
1874 915
1875 142
1875 489
1875 914
1876 134
1876 490
1876 913
1877 137
1877 491
1877 923
1878 140
1878 492
1878 922
1879 132
1879 493
1879 921
1880 135
1880 494
1880 920
1881 468
1881 495
1881 1172
1882 466
1882 496
1882 1166
1883 464
1883 497
1883 1171
1884 462
1884 498
1884 1176
1885 471
1885 499
1885 1170
1886 469
1886 500
1886 1175
1887 467
1887 501
1887 1169
1888 465
1888 502
1888 1174
1889 463
1889 503
1889 1168
1890 472
1890 504
1890 1173
1891 470
1891 505
1891 1167
1892 91
1892 506
1892 677
1893 96
1893 507
1893 681
1894 90
1894 508
1894 674
1895 95
1895 509
1895 678
1896 89
1896 510
1896 671
1897 94
1897 511
1897 675
1898 88
1898 512
1898 679
1899 93
1899 513
1899 672
1900 98
1900 514
1900 676
1901 92
1901 515
1901 680
1902 97
1902 516
1902 673
1903 347
1903 517
1903 886
1904 342
1904 518
1904 885
1905 348
1905 519
1905 884
1906 343
1906 520
1906 883
1907 349
1907 521
1907 882
1908 344
1908 522
1908 881
1909 350
1909 523
1909 880
1910 345
1910 524
1910 890
1911 351
1911 525
1911 889
1912 346
1912 526
1912 888
1913 341
1913 527
1913 887
1914 403
1914 601
1914 693
1915 397
1915 602
1915 694
1916 402
1916 603
1916 695
1917 396
1917 604
1917 696
1918 401
1918 594
1918 697
1919 406
1919 595
1919 698
1920 400
1920 596
1920 699
1921 405
1921 597
1921 700
1922 399
1922 598
1922 701
1923 404
1923 599
1923 702
1924 398
1924 600
1924 703
1925 612
1925 704
1925 854
1926 613
1926 705
1926 851
1927 614
1927 706
1927 848
1928 615
1928 707
1928 856
1929 605
1929 708
1929 853
1930 606
1930 709
1930 850
1931 607
1931 710
1931 847
1932 608
1932 711
1932 855
1933 609
1933 712
1933 852
1934 610
1934 713
1934 849
1935 611
1935 714
1935 857
1936 594
1936 942
1936 1107
1937 595
1937 939
1937 1100
1938 596
1938 936
1938 1104
1939 597
1939 944
1939 1108
1940 598
1940 941
1940 1101
1941 599
1941 938
1941 1105
1942 600
1942 935
1942 1109
1943 601
1943 943
1943 1102
1944 602
1944 940
1944 1106
1945 603
1945 937
1945 1110
1946 604
1946 945
1946 1103
1947 31
1947 605
1947 1151
1948 25
1948 606
1948 1144
1949 30
1949 607
1949 1148
1950 24
1950 608
1950 1152
1951 29
1951 609
1951 1145
1952 23
1952 610
1952 1149
1953 28
1953 611
1953 1153
1954 22
1954 612
1954 1146
1955 27
1955 613
1955 1150
1956 32
1956 614
1956 1154
1957 26
1957 615
1957 1147
1958 28
1958 282
1958 616
1959 22
1959 278
1959 617
1960 27
1960 285
1960 618
1961 32
1961 281
1961 619
1962 26
1962 277
1962 620
1963 31
1963 284
1963 621
1964 25
1964 280
1964 622
1965 30
1965 276
1965 623
1966 24
1966 283
1966 624
1967 29
1967 279
1967 625
1968 23
1968 275
1968 626
1969 238
1969 535
1969 627
1970 234
1970 538
1970 628
1971 241
1971 530
1971 629
1972 237
1972 533
1972 630
1973 233
1973 536
1973 631
1974 240
1974 528
1974 632
1975 236
1975 531
1975 633
1976 232
1976 534
1976 634
1977 239
1977 537
1977 635
1978 235
1978 529
1978 636
1979 231
1979 532
1979 637
1980 568
1980 638
1980 788
1981 571
1981 639
1981 787
1982 563
1982 640
1982 786
1983 566
1983 641
1983 785
1984 569
1984 642
1984 784
1985 561
1985 643
1985 783
1986 564
1986 644
1986 782
1987 567
1987 645
1987 781
1988 570
1988 646
1988 791
1989 562
1989 647
1989 790
1990 565
1990 648
1990 789
1991 649
1991 777
1991 1041
1992 650
1992 776
1992 1036
1993 651
1993 775
1993 1042
1994 652
1994 774
1994 1037
1995 653
1995 773
1995 1043
1996 654
1996 772
1996 1038
1997 655
1997 771
1997 1044
1998 656
1998 770
1998 1039
1999 657
1999 780
1999 1034
2000 658
2000 779
2000 1040
2001 659
2001 778
2001 1035
2002 660
2002 986
2002 1294
2003 661
2003 981
2003 1296
2004 662
2004 987
2004 1287
2005 663
2005 982
2005 1289
2006 664
2006 988
2006 1291
2007 665
2007 983
2007 1293
2008 666
2008 989
2008 1295
2009 667
2009 984
2009 1297
2010 668
2010 979
2010 1288
2011 669
2011 985
2011 1290
2012 670
2012 980
2012 1292
2013 216
2013 671
2013 1316
2014 214
2014 672
2014 1318
2015 212
2015 673
2015 1309
2016 210
2016 674
2016 1311
2017 219
2017 675
2017 1313
2018 217
2018 676
2018 1315
2019 215
2019 677
2019 1317
2020 213
2020 678
2020 1319
2021 211
2021 679
2021 1310
2022 209
2022 680
2022 1312
2023 218
2023 681
2023 1314
2024 194
2024 469
2024 682
2025 192
2025 463
2025 683
2026 190
2026 468
2026 684
2027 188
2027 462
2027 685
2028 197
2028 467
2028 686
2029 195
2029 472
2029 687
2030 193
2030 466
2030 688
2031 191
2031 471
2031 689
2032 189
2032 465
2032 690
2033 187
2033 470
2033 691
2034 196
2034 464
2034 692
2035 719
2035 737
2035 1038
2036 720
2036 738
2036 1043
2037 721
2037 739
2037 1037
2038 722
2038 740
2038 1042
2039 723
2039 741
2039 1036
2040 724
2040 742
2040 1041
2041 725
2041 743
2041 1035
2042 715
2042 744
2042 1040
2043 716
2043 745
2043 1034
2044 717
2044 746
2044 1039
2045 718
2045 747
2045 1044
2046 748
2046 972
2046 1247
2047 749
2047 977
2047 1245
2048 750
2048 971
2048 1243
2049 751
2049 976
2049 1252
2050 752
2050 970
2050 1250
2051 753
2051 975
2051 1248
2052 754
2052 969
2052 1246
2053 755
2053 974
2053 1244
2054 756
2054 968
2054 1253
2055 757
2055 973
2055 1251
2056 758
2056 978
2056 1249
2057 125
2057 759
2057 1225
2058 127
2058 760
2058 1223
2059 129
2059 761
2059 1221
2060 131
2060 762
2060 1230
2061 122
2061 763
2061 1228
2062 124
2062 764
2062 1226
2063 126
2063 765
2063 1224
2064 128
2064 766
2064 1222
2065 130
2065 767
2065 1231
2066 121
2066 768
2066 1229
2067 123
2067 769
2067 1227
2068 147
2068 455
2068 770
2069 149
2069 461
2069 771
2070 151
2070 456
2070 772
2071 153
2071 451
2071 773
2072 144
2072 457
2072 774
2073 146
2073 452
2073 775
2074 148
2074 458
2074 776
2075 150
2075 453
2075 777
2076 152
2076 459
2076 778
2077 143
2077 454
2077 779
2078 145
2078 460
2078 780
2079 400
2079 664
2079 781
2080 406
2080 663
2080 782
2081 401
2081 662
2081 783
2082 396
2082 661
2082 784
2083 402
2083 660
2083 785
2084 397
2084 670
2084 786
2085 403
2085 669
2085 787
2086 398
2086 668
2086 788
2087 404
2087 667
2087 789
2088 399
2088 666
2088 790
2089 405
2089 665
2089 791
2090 653
2090 792
2090 873
2091 652
2091 793
2091 876
2092 651
2092 794
2092 879
2093 650
2093 795
2093 871
2094 649
2094 796
2094 874
2095 659
2095 797
2095 877
2096 658
2096 798
2096 869
2097 657
2097 799
2097 872
2098 656
2098 800
2098 875
2099 655
2099 801
2099 878
2100 654
2100 802
2100 870
2101 803
2101 906
2101 1082
2102 804
2102 909
2102 1078
2103 805
2103 912
2103 1085
2104 806
2104 904
2104 1081
2105 807
2105 907
2105 1088
2106 808
2106 910
2106 1084
2107 809
2107 902
2107 1080
2108 810
2108 905
2108 1087
2109 811
2109 908
2109 1083
2110 812
2110 911
2110 1079
2111 813
2111 903
2111 1086
2112 82
2112 814
2112 1159
2113 87
2113 815
2113 1155
2114 81
2114 816
2114 1162
2115 86
2115 817
2115 1158
2116 80
2116 818
2116 1165
2117 85
2117 819
2117 1161
2118 79
2118 820
2118 1157
2119 84
2119 821
2119 1164
2120 78
2120 822
2120 1160
2121 83
2121 823
2121 1156
2122 77
2122 824
2122 1163
2123 79
2123 290
2123 825
2124 84
2124 294
2124 826
2125 78
2125 287
2125 827
2126 83
2126 291
2126 828
2127 77
2127 295
2127 829
2128 82
2128 288
2128 830
2129 87
2129 292
2129 831
2130 81
2130 296
2130 832
2131 86
2131 289
2131 833
2132 80
2132 293
2132 834
2133 85
2133 286
2133 835
2134 334
2134 499
2134 715
2135 338
2135 496
2135 716
2136 331
2136 504
2136 717
2137 335
2137 501
2137 718
2138 339
2138 498
2138 719
2139 332
2139 495
2139 720
2140 336
2140 503
2140 721
2141 340
2141 500
2141 722
2142 333
2142 497
2142 723
2143 337
2143 505
2143 724
2144 330
2144 502
2144 725
2145 587
2145 726
2145 829
2146 584
2146 727
2146 830
2147 592
2147 728
2147 831
2148 589
2148 729
2148 832
2149 586
2149 730
2149 833
2150 583
2150 731
2150 834
2151 591
2151 732
2151 835
2152 588
2152 733
2152 825
2153 585
2153 734
2153 826
2154 593
2154 735
2154 827
2155 590
2155 736
2155 828
2156 346
2156 841
2156 902
2157 351
2157 842
2157 903
2158 345
2158 843
2158 904
2159 350
2159 844
2159 905
2160 344
2160 845
2160 906
2161 349
2161 846
2161 907
2162 343
2162 836
2162 908
2163 348
2163 837
2163 909
2164 342
2164 838
2164 910
2165 347
2165 839
2165 911
2166 341
2166 840
2166 912
2167 555
2167 913
2167 1094
2168 554
2168 914
2168 1089
2169 553
2169 915
2169 1095
2170 552
2170 916
2170 1090
2171 551
2171 917
2171 1096
2172 550
2172 918
2172 1091
2173 560
2173 919
2173 1097
2174 559
2174 920
2174 1092
2175 558
2175 921
2175 1098
2176 557
2176 922
2176 1093
2177 556
2177 923
2177 1099
2178 19
2178 764
2178 924
2179 13
2179 768
2179 925
2180 18
2180 761
2180 926
2181 12
2181 765
2181 927
2182 17
2182 769
2182 928
2183 11
2183 762
2183 929
2184 16
2184 766
2184 930
2185 21
2185 759
2185 931
2186 15
2186 763
2186 932
2187 20
2187 767
2187 933
2188 14
2188 760
2188 934
2189 269
2189 935
2189 973
2190 274
2190 936
2190 971
2191 268
2191 937
2191 969
2192 273
2192 938
2192 978
2193 267
2193 939
2193 976
2194 272
2194 940
2194 974
2195 266
2195 941
2195 972
2196 271
2196 942
2196 970
2197 265
2197 943
2197 968
2198 270
2198 944
2198 977
2199 264
2199 945
2199 975
2200 522
2200 946
2200 1303
2201 521
2201 947
2201 1306
2202 520
2202 948
2202 1298
2203 519
2203 949
2203 1301
2204 518
2204 950
2204 1304
2205 517
2205 951
2205 1307
2206 527
2206 952
2206 1299
2207 526
2207 953
2207 1302
2208 525
2208 954
2208 1305
2209 524
2209 955
2209 1308
2210 523
2210 956
2210 1300
2211 181
2211 775
2211 836
2212 178
2212 779
2212 837
2213 186
2213 772
2213 838
2214 183
2214 776
2214 839
2215 180
2215 780
2215 840
2216 177
2216 773
2216 841
2217 185
2217 777
2217 842
2218 182
2218 770
2218 843
2219 179
2219 774
2219 844
2220 176
2220 778
2220 845
2221 184
2221 771
2221 846
2222 390
2222 847
2222 1028
2223 392
2223 848
2223 1026
2224 394
2224 849
2224 1024
2225 385
2225 850
2225 1033
2226 387
2226 851
2226 1031
2227 389
2227 852
2227 1029
2228 391
2228 853
2228 1027
2229 393
2229 854
2229 1025
2230 395
2230 855
2230 1023
2231 386
2231 856
2231 1032
2232 388
2232 857
2232 1030
2233 599
2233 858
2233 1281
2234 595
2234 859
2234 1284
2235 602
2235 860
2235 1276
2236 598
2236 861
2236 1279
2237 594
2237 862
2237 1282
2238 601
2238 863
2238 1285
2239 597
2239 864
2239 1277
2240 604
2240 865
2240 1280
2241 600
2241 866
2241 1283
2242 596
2242 867
2242 1286
2243 603
2243 868
2243 1278
2244 203
2244 869
2244 929
2245 200
2245 870
2245 930
2246 208
2246 871
2246 931
2247 205
2247 872
2247 932
2248 202
2248 873
2248 933
2249 199
2249 874
2249 934
2250 207
2250 875
2250 924
2251 204
2251 876
2251 925
2252 201
2252 877
2252 926
2253 198
2253 878
2253 927
2254 206
2254 879
2254 928
2255 456
2255 880
2255 1138
2256 458
2256 881
2256 1133
2257 460
2257 882
2257 1139
2258 451
2258 883
2258 1134
2259 453
2259 884
2259 1140
2260 455
2260 885
2260 1135
2261 457
2261 886
2261 1141
2262 459
2262 887
2262 1136
2263 461
2263 888
2263 1142
2264 452
2264 889
2264 1137
2265 454
2265 890
2265 1143
2266 20
2266 709
2266 891
2267 14
2267 705
2267 892
2268 19
2268 712
2268 893
2269 13
2269 708
2269 894
2270 18
2270 704
2270 895
2271 12
2271 711
2271 896
2272 17
2272 707
2272 897
2273 11
2273 714
2273 898
2274 16
2274 710
2274 899
2275 21
2275 706
2275 900
2276 15
2276 713
2276 901
2277 861
2277 960
2277 1067
2278 866
2278 961
2278 1068
2279 860
2279 962
2279 1069
2280 865
2280 963
2280 1070
2281 859
2281 964
2281 1071
2282 864
2282 965
2282 1072
2283 858
2283 966
2283 1073
2284 863
2284 967
2284 1074
2285 868
2285 957
2285 1075
2286 862
2286 958
2286 1076
2287 867
2287 959
2287 1077
2288 957
2288 1191
2288 1213
2289 958
2289 1188
2289 1217
2290 959
2290 1196
2290 1210
2291 960
2291 1193
2291 1214
2292 961
2292 1190
2292 1218
2293 962
2293 1198
2293 1211
2294 963
2294 1195
2294 1215
2295 964
2295 1192
2295 1219
2296 965
2296 1189
2296 1212
2297 966
2297 1197
2297 1216
2298 967
2298 1194
2298 1220
2299 67
2299 135
2299 968
2300 72
2300 142
2300 969
2301 66
2301 138
2301 970
2302 71
2302 134
2302 971
2303 76
2303 141
2303 972
2304 70
2304 137
2304 973
2305 75
2305 133
2305 974
2306 69
2306 140
2306 975
2307 74
2307 136
2307 976
2308 68
2308 132
2308 977
2309 73
2309 139
2309 978
2310 278
2310 388
2310 979
2311 281
2311 387
2311 980
2312 284
2312 386
2312 981
2313 276
2313 385
2313 982
2314 279
2314 395
2314 983
2315 282
2315 394
2315 984
2316 285
2316 393
2316 985
2317 277
2317 392
2317 986
2318 280
2318 391
2318 987
2319 283
2319 390
2319 988
2320 275
2320 389
2320 989
2321 487
2321 641
2321 990
2322 493
2322 643
2322 991
2323 488
2323 645
2323 992
2324 494
2324 647
2324 993
2325 489
2325 638
2325 994
2326 484
2326 640
2326 995
2327 490
2327 642
2327 996
2328 485
2328 644
2328 997
2329 491
2329 646
2329 998
2330 486
2330 648
2330 999
2331 492
2331 639
2331 1000
2332 817
2332 894
2332 1001
2333 815
2333 899
2333 1002
2334 824
2334 893
2334 1003
2335 822
2335 898
2335 1004
2336 820
2336 892
2336 1005
2337 818
2337 897
2337 1006
2338 816
2338 891
2338 1007
2339 814
2339 896
2339 1008
2340 823
2340 901
2340 1009
2341 821
2341 895
2341 1010
2342 819
2342 900
2342 1011
2343 1012
2343 1026
2343 1147
2344 1013
2344 1027
2344 1144
2345 1014
2345 1028
2345 1152
2346 1015
2346 1029
2346 1149
2347 1016
2347 1030
2347 1146
2348 1017
2348 1031
2348 1154
2349 1018
2349 1032
2349 1151
2350 1019
2350 1033
2350 1148
2351 1020
2351 1023
2351 1145
2352 1021
2352 1024
2352 1153
2353 1022
2353 1025
2353 1150
2354 73
2354 1023
2354 1235
2355 67
2355 1024
2355 1239
2356 72
2356 1025
2356 1232
2357 66
2357 1026
2357 1236
2358 71
2358 1027
2358 1240
2359 76
2359 1028
2359 1233
2360 70
2360 1029
2360 1237
2361 75
2361 1030
2361 1241
2362 69
2362 1031
2362 1234
2363 74
2363 1032
2363 1238
2364 68
2364 1033
2364 1242
2365 113
2365 322
2365 1034
2366 120
2366 325
2366 1035
2367 116
2367 328
2367 1036
2368 112
2368 320
2368 1037
2369 119
2369 323
2369 1038
2370 115
2370 326
2370 1039
2371 111
2371 329
2371 1040
2372 118
2372 321
2372 1041
2373 114
2373 324
2373 1042
2374 110
2374 327
2374 1043
2375 117
2375 319
2375 1044
2376 443
2376 575
2376 1045
2377 442
2377 581
2377 1046
2378 441
2378 576
2378 1047
2379 440
2379 582
2379 1048
2380 450
2380 577
2380 1049
2381 449
2381 572
2381 1050
2382 448
2382 578
2382 1051
2383 447
2383 573
2383 1052
2384 446
2384 579
2384 1053
2385 445
2385 574
2385 1054
2386 444
2386 580
2386 1055
2387 652
2387 828
2387 1056
2388 654
2388 826
2388 1057
2389 656
2389 835
2389 1058
2390 658
2390 833
2390 1059
2391 649
2391 831
2391 1060
2392 651
2392 829
2392 1061
2393 653
2393 827
2393 1062
2394 655
2394 825
2394 1063
2395 657
2395 834
2395 1064
2396 659
2396 832
2396 1065
2397 650
2397 830
2397 1066
2398 175
2398 1088
2398 1111
2399 169
2399 1078
2399 1112
2400 174
2400 1079
2400 1113
2401 168
2401 1080
2401 1114
2402 173
2402 1081
2402 1115
2403 167
2403 1082
2403 1116
2404 172
2404 1083
2404 1117
2405 166
2405 1084
2405 1118
2406 171
2406 1085
2406 1119
2407 165
2407 1086
2407 1120
2408 170
2408 1087
2408 1121
2409 5
2409 384
2409 1122
2410 10
2410 377
2410 1123
2411 4
2411 381
2411 1124
2412 9
2412 374
2412 1125
2413 3
2413 378
2413 1126
2414 8
2414 382
2414 1127
2415 2
2415 375
2415 1128
2416 7
2416 379
2416 1129
2417 1
2417 383
2417 1130
2418 6
2418 376
2418 1131
2419 0
2419 380
2419 1132
2420 263
2420 714
2420 1133
2421 262
2421 706
2421 1134
2422 261
2422 709
2422 1135
2423 260
2423 712
2423 1136
2424 259
2424 704
2424 1137
2425 258
2425 707
2425 1138
2426 257
2426 710
2426 1139
2427 256
2427 713
2427 1140
2428 255
2428 705
2428 1141
2429 254
2429 708
2429 1142
2430 253
2430 711
2430 1143
2431 516
2431 923
2431 1144
2432 514
2432 914
2432 1145
2433 512
2433 916
2433 1146
2434 510
2434 918
2434 1147
2435 508
2435 920
2435 1148
2436 506
2436 922
2436 1149
2437 515
2437 913
2437 1150
2438 513
2438 915
2438 1151
2439 511
2439 917
2439 1152
2440 509
2440 919
2440 1153
2441 507
2441 921
2441 1154
2442 769
2442 1132
2442 1155
2443 766
2443 1122
2443 1156
2444 763
2444 1123
2444 1157
2445 760
2445 1124
2445 1158
2446 768
2446 1125
2446 1159
2447 765
2447 1126
2447 1160
2448 762
2448 1127
2448 1161
2449 759
2449 1128
2449 1162
2450 767
2450 1129
2450 1163
2451 764
2451 1130
2451 1164
2452 761
2452 1131
2452 1165
2453 7
2453 1022
2453 1166
2454 1
2454 1018
2454 1167
2455 6
2455 1014
2455 1168
2456 0
2456 1021
2456 1169
2457 5
2457 1017
2457 1170
2458 10
2458 1013
2458 1171
2459 4
2459 1020
2459 1172
2460 9
2460 1016
2460 1173
2461 3
2461 1012
2461 1174
2462 8
2462 1019
2462 1175
2463 2
2463 1015
2463 1176
2464 340
2464 1177
2464 1275
2465 339
2465 1178
2465 1270
2466 338
2466 1179
2466 1265
2467 337
2467 1180
2467 1271
2468 336
2468 1181
2468 1266
2469 335
2469 1182
2469 1272
2470 334
2470 1183
2470 1267
2471 333
2471 1184
2471 1273
2472 332
2472 1185
2472 1268
2473 331
2473 1186
2473 1274
2474 330
2474 1187
2474 1269
2475 197
2475 549
2475 1188
2476 191
2476 547
2476 1189
2477 196
2477 545
2477 1190
2478 190
2478 543
2478 1191
2479 195
2479 541
2479 1192
2480 189
2480 539
2480 1193
2481 194
2481 548
2481 1194
2482 188
2482 546
2482 1195
2483 193
2483 544
2483 1196
2484 187
2484 542
2484 1197
2485 192
2485 540
2485 1198
2486 450
2486 758
2486 1078
2487 443
2487 755
2487 1079
2488 447
2488 752
2488 1080
2489 440
2489 749
2489 1081
2490 444
2490 757
2490 1082
2491 448
2491 754
2491 1083
2492 441
2492 751
2492 1084
2493 445
2493 748
2493 1085
2494 449
2494 756
2494 1086
2495 442
2495 753
2495 1087
2496 446
2496 750
2496 1088
2497 703
2497 967
2497 1089
2498 695
2498 963
2498 1090
2499 698
2499 959
2499 1091
2500 701
2500 966
2500 1092
2501 693
2501 962
2501 1093
2502 696
2502 958
2502 1094
2503 699
2503 965
2503 1095
2504 702
2504 961
2504 1096
2505 694
2505 957
2505 1097
2506 697
2506 964
2506 1098
2507 700
2507 960
2507 1099
2508 956
2508 1100
2508 1297
2509 947
2509 1101
2509 1292
2510 949
2510 1102
2510 1287
2511 951
2511 1103
2511 1293
2512 953
2512 1104
2512 1288
2513 955
2513 1105
2513 1294
2514 946
2514 1106
2514 1289
2515 948
2515 1107
2515 1295
2516 950
2516 1108
2516 1290
2517 952
2517 1109
2517 1296
2518 954
2518 1110
2518 1291
2519 812
2519 1208
2519 1276
2520 806
2520 1209
2520 1277
2521 811
2521 1199
2521 1278
2522 805
2522 1200
2522 1279
2523 810
2523 1201
2523 1280
2524 804
2524 1202
2524 1281
2525 809
2525 1203
2525 1282
2526 803
2526 1204
2526 1283
2527 808
2527 1205
2527 1284
2528 813
2528 1206
2528 1285
2529 807
2529 1207
2529 1286
2530 130
2530 1021
2530 1287
2531 129
2531 1013
2531 1288
2532 128
2532 1016
2532 1289
2533 127
2533 1019
2533 1290
2534 126
2534 1022
2534 1291
2535 125
2535 1014
2535 1292
2536 124
2536 1017
2536 1293
2537 123
2537 1020
2537 1294
2538 122
2538 1012
2538 1295
2539 121
2539 1015
2539 1296
2540 131
2540 1018
2540 1297
2541 383
2541 1230
2541 1298
2542 380
2542 1231
2542 1299
2543 377
2543 1221
2543 1300
2544 374
2544 1222
2544 1301
2545 382
2545 1223
2545 1302
2546 379
2546 1224
2546 1303
2547 376
2547 1225
2547 1304
2548 384
2548 1226
2548 1305
2549 381
2549 1227
2549 1306
2550 378
2550 1228
2550 1307
2551 375
2551 1229
2551 1308
2552 229
2552 636
2552 1309
2553 228
2553 631
2553 1310
2554 227
2554 637
2554 1311
2555 226
2555 632
2555 1312
2556 225
2556 627
2556 1313
2557 224
2557 633
2557 1314
2558 223
2558 628
2558 1315
2559 222
2559 634
2559 1316
2560 221
2560 629
2560 1317
2561 220
2561 635
2561 1318
2562 230
2562 630
2562 1319
2563 438
2563 889
2563 1199
2564 435
2564 882
2564 1200
2565 432
2565 886
2565 1201
2566 429
2566 890
2566 1202
2567 437
2567 883
2567 1203
2568 434
2568 887
2568 1204
2569 431
2569 880
2569 1205
2570 439
2570 884
2570 1206
2571 436
2571 888
2571 1207
2572 433
2572 881
2572 1208
2573 430
2573 885
2573 1209
2574 647
2574 1142
2574 1210
2575 642
2575 1133
2575 1211
2576 648
2576 1135
2576 1212
2577 643
2577 1137
2577 1213
2578 638
2578 1139
2578 1214
2579 644
2579 1141
2579 1215
2580 639
2580 1143
2580 1216
2581 645
2581 1134
2581 1217
2582 640
2582 1136
2582 1218
2583 646
2583 1138
2583 1219
2584 641
2584 1140
2584 1220
2585 65
2585 856
2585 1221
2586 59
2586 849
2586 1222
2587 64
2587 853
2587 1223
2588 58
2588 857
2588 1224
2589 63
2589 850
2589 1225
2590 57
2590 854
2590 1226
2591 62
2591 847
2591 1227
2592 56
2592 851
2592 1228
2593 61
2593 855
2593 1229
2594 55
2594 848
2594 1230
2595 60
2595 852
2595 1231
2596 317
2596 1186
2596 1232
2597 315
2597 1177
2597 1233
2598 313
2598 1179
2598 1234
2599 311
2599 1181
2599 1235
2600 309
2600 1183
2600 1236
2601 318
2601 1185
2601 1237
2602 316
2602 1187
2602 1238
2603 314
2603 1178
2603 1239
2604 312
2604 1180
2604 1240
2605 310
2605 1182
2605 1241
2606 308
2606 1184
2606 1242
2607 58
2607 570
2607 1243
2608 63
2608 566
2608 1244
2609 57
2609 562
2609 1245
2610 62
2610 569
2610 1246
2611 56
2611 565
2611 1247
2612 61
2612 561
2612 1248
2613 55
2613 568
2613 1249
2614 60
2614 564
2614 1250
2615 65
2615 571
2615 1251
2616 59
2616 567
2616 1252
2617 64
2617 563
2617 1253
2618 273
2618 823
2618 1254
2619 271
2619 817
2619 1255
2620 269
2620 822
2620 1256
2621 267
2621 816
2621 1257
2622 265
2622 821
2622 1258
2623 274
2623 815
2623 1259
2624 272
2624 820
2624 1260
2625 270
2625 814
2625 1261
2626 268
2626 819
2626 1262
2627 266
2627 824
2627 1263
2628 264
2628 818
2628 1264
2629 482
2629 1076
2629 1265
2630 478
2630 1068
2630 1266
2631 474
2631 1071
2631 1267
2632 481
2632 1074
2632 1268
2633 477
2633 1077
2633 1269
2634 473
2634 1069
2634 1270
2635 480
2635 1072
2635 1271
2636 476
2636 1075
2636 1272
2637 483
2637 1067
2637 1273
2638 479
2638 1070
2638 1274
2639 475
2639 1073
2639 1275
